20

19 1
16 
0 61 71 31 12 32 50 60 55 49 1 22 71 60 9 74 57 90 60 20 
61 0 44 71 15 1 21 0 1 27 73 5 77 45 31 45 95 53 52 84 
71 44 0 12 81 11 91 78 10 35 72 38 72 81 92 92 10 21 86 66 
31 71 12 0 29 0 85 32 41 2 91 64 52 14 26 65 84 10 35 65 
12 15 81 29 0 44 82 5 51 87 82 40 4 88 8 16 81 86 57 62 
32 1 11 0 44 0 15 36 36 69 3 26 84 37 53 48 90 13 38 87 
50 21 91 85 82 15 0 74 4 33 29 12 96 47 56 64 94 89 77 63 
60 0 78 32 5 36 74 0 93 47 88 61 85 52 73 39 24 17 29 3 
55 1 10 41 51 36 4 93 0 65 24 9 52 37 57 17 72 83 80 77 
49 27 35 2 87 69 33 47 65 0 3 99 86 11 77 52 15 80 85 0 
1 73 72 91 82 3 29 88 24 3 0 37 60 65 33 98 41 20 97 63 
22 5 38 64 40 26 12 61 9 99 37 0 68 62 66 69 68 82 0 63 
71 77 72 52 4 84 96 85 52 86 60 68 0 83 55 9 74 15 57 80 
60 45 81 14 88 37 47 52 37 11 65 62 83 0 41 58 20 41 84 55 
9 31 92 26 8 53 56 73 57 77 33 66 55 41 0 90 72 91 42 85 
74 45 92 65 16 48 64 39 17 52 98 69 9 58 90 0 1 97 66 0 
57 95 10 84 81 90 94 24 72 15 41 68 74 20 72 1 0 97 60 1 
90 53 21 10 86 13 89 17 83 80 20 82 15 41 91 97 97 0 51 16 
60 52 86 35 57 38 77 29 80 85 97 0 57 84 42 66 60 51 0 24 
20 84 66 65 62 87 63 3 77 0 63 63 80 55 85 0 1 16 24 0 

19 3
4 3 5 
0 86 80 80 83 16 49 49 0 99 58 65 62 53 82 75 46 37 0 73 
86 0 21 43 93 80 10 65 16 51 65 50 0 2 46 12 7 74 79 31 
80 21 0 84 38 86 60 91 96 23 67 26 58 98 75 44 29 34 85 50 
80 43 84 0 41 17 21 74 7 60 61 3 24 59 22 68 9 75 88 80 
83 93 38 41 0 92 63 82 15 27 41 0 37 52 18 87 95 33 57 27 
16 80 86 17 92 0 75 29 62 15 64 77 89 81 47 9 91 36 26 7 
49 10 60 21 63 75 0 69 84 19 11 1 97 30 24 87 1 15 23 39 
49 65 91 74 82 29 69 0 40 6 2 88 74 45 56 36 0 52 36 45 
0 16 96 7 15 62 84 40 0 99 20 23 10 94 34 35 78 54 1 63 
99 51 23 60 27 15 19 6 99 0 77 65 43 97 20 61 0 44 12 15 
58 65 67 61 41 64 11 2 20 77 0 76 14 8 97 11 57 48 36 72 
65 50 26 3 0 77 1 88 23 65 76 0 23 14 86 11 40 87 91 52 
62 0 58 24 37 89 97 74 10 43 14 23 0 22 15 39 44 59 42 54 
53 2 98 59 52 81 30 45 94 97 8 14 22 0 99 37 98 28 41 42 
82 46 75 22 18 47 24 56 34 20 97 86 15 99 0 62 68 35 47 6 
75 12 44 68 87 9 87 36 35 61 11 11 39 37 62 0 64 97 33 30 
46 7 29 9 95 91 1 0 78 0 57 40 44 98 68 64 0 22 61 52 
37 74 34 75 33 36 15 52 54 44 48 87 59 28 35 97 22 0 9 67 
0 79 85 88 57 26 23 36 1 12 36 91 42 41 47 33 61 9 0 95 
73 31 50 80 27 7 39 45 63 15 72 52 54 42 6 30 52 67 95 0 

19 12
16 3 19 14 17 5 18 4 15 6 9 12 
0 24 53 52 80 4 91 84 5 32 51 62 82 5 48 1 44 71 54 69 
24 0 0 4 34 9 29 22 20 62 90 45 76 64 15 85 55 13 15 72 
53 0 0 66 37 25 25 25 70 86 28 98 1 61 48 85 57 18 47 0 
52 4 66 0 75 52 42 40 36 71 67 75 36 90 56 97 83 80 49 1 
80 34 37 75 0 73 64 48 69 50 59 89 74 37 20 65 50 80 78 50 
4 9 25 52 73 0 49 30 70 94 43 44 37 44 21 41 90 60 6 8 
91 29 25 42 64 49 0 57 26 1 16 67 91 93 4 70 35 43 25 78 
84 22 25 40 48 30 57 0 87 17 69 22 82 76 13 52 32 41 40 23 
5 20 70 36 69 70 26 87 0 96 98 39 15 83 88 94 88 79 76 49 
32 62 86 71 50 94 1 17 96 0 24 0 30 91 92 27 69 36 38 36 
51 90 28 67 59 43 16 69 98 24 0 30 80 20 26 93 41 1 50 22 
62 45 98 75 89 44 67 22 39 0 30 0 87 37 96 10 76 88 48 89 
82 76 1 36 74 37 91 82 15 30 80 87 0 91 51 5 8 61 91 16 
5 64 61 90 37 44 93 76 83 91 20 37 91 0 55 58 99 76 85 6 
48 15 48 56 20 21 4 13 88 92 26 96 51 55 0 16 85 81 78 78 
1 85 85 97 65 41 70 52 94 27 93 10 5 58 16 0 15 5 22 58 
44 55 57 83 50 90 35 32 88 69 41 76 8 99 85 15 0 89 74 33 
71 13 18 80 80 60 43 41 79 36 1 88 61 76 81 5 89 0 67 59 
54 15 47 49 78 6 25 40 76 38 50 48 91 85 78 22 74 67 0 26 
69 72 0 1 50 8 78 23 49 36 22 89 16 6 78 58 33 59 26 0 

19 5
19 7 3 16 14 
0 3 64 4 27 19 58 16 89 10 50 89 34 78 57 5 74 91 39 16 
3 0 95 65 0 86 33 34 97 73 67 7 38 95 46 90 77 89 1 82 
64 95 0 53 38 64 78 60 23 14 3 31 91 2 17 31 70 59 22 93 
4 65 53 0 6 15 72 79 87 62 29 19 38 24 85 9 1 92 51 45 
27 0 38 6 0 69 14 23 51 84 56 12 95 83 53 62 57 60 70 28 
19 86 64 15 69 0 21 38 61 61 25 22 41 25 99 88 72 20 58 83 
58 33 78 72 14 21 0 69 26 74 62 81 86 64 86 69 85 48 84 46 
16 34 60 79 23 38 69 0 21 86 52 65 11 24 40 7 70 54 70 96 
89 97 23 87 51 61 26 21 0 80 31 95 73 72 96 1 20 21 67 7 
10 73 14 62 84 61 74 86 80 0 27 98 22 79 80 81 48 33 63 27 
50 67 3 29 56 25 62 52 31 27 0 13 48 80 71 93 42 45 19 34 
89 7 31 19 12 22 81 65 95 98 13 0 9 68 64 15 17 70 68 65 
34 38 91 38 95 41 86 11 73 22 48 9 0 36 91 59 74 54 78 83 
78 95 2 24 83 25 64 24 72 79 80 68 36 0 57 67 54 46 29 35 
57 46 17 85 53 99 86 40 96 80 71 64 91 57 0 7 95 58 41 2 
5 90 31 9 62 88 69 7 1 81 93 15 59 67 7 0 68 93 23 47 
74 77 70 1 57 72 85 70 20 48 42 17 74 54 95 68 0 6 61 69 
91 89 59 92 60 20 48 54 21 33 45 70 54 46 58 93 6 0 29 18 
39 1 22 51 70 58 84 70 67 63 19 68 78 29 41 23 61 29 0 70 
16 82 93 45 28 83 46 96 7 27 34 65 83 35 2 47 69 18 70 0 

19 5
18 14 2 7 16 
0 67 5 14 8 70 78 20 34 6 64 75 74 53 21 78 96 17 9 59 
67 0 85 9 64 34 50 46 90 3 13 78 93 76 4 55 57 75 24 46 
5 85 0 28 92 53 63 37 58 71 58 87 36 53 60 62 30 56 8 54 
14 9 28 0 10 36 31 33 14 98 3 7 80 56 25 86 22 77 16 19 
8 64 92 10 0 51 47 23 95 47 68 37 27 67 14 35 43 61 58 98 
70 34 53 36 51 0 39 3 6 39 52 58 48 17 30 42 18 35 71 89 
78 50 63 31 47 39 0 17 39 15 67 59 31 80 5 52 38 61 86 18 
20 46 37 33 23 3 17 0 55 74 30 72 7 51 21 1 33 71 53 14 
34 90 58 14 95 6 39 55 0 7 1 68 50 83 77 54 39 28 17 93 
6 3 71 98 47 39 15 74 7 0 37 99 26 35 31 86 26 2 22 0 
64 13 58 3 68 52 67 30 1 37 0 5 71 86 0 83 2 4 60 29 
75 78 87 7 37 58 59 72 68 99 5 0 49 62 30 56 67 67 98 8 
74 93 36 80 27 48 31 7 50 26 71 49 0 76 67 46 96 64 26 75 
53 76 53 56 67 17 80 51 83 35 86 62 76 0 41 42 65 53 41 18 
21 4 60 25 14 30 5 21 77 31 0 30 67 41 0 41 70 53 39 85 
78 55 62 86 35 42 52 1 54 86 83 56 46 42 41 0 16 78 83 16 
96 57 30 22 43 18 38 33 39 26 2 67 96 65 70 16 0 74 35 76 
17 75 56 77 61 35 61 71 28 2 4 67 64 53 53 78 74 0 11 5 
9 24 8 16 58 71 86 53 17 22 60 98 26 41 39 83 35 11 0 92 
59 46 54 19 98 89 18 14 93 0 29 8 75 18 85 16 76 5 92 0 

19 5
16 7 18 14 3 
0 12 94 42 51 63 27 30 85 74 96 76 89 1 6 23 63 85 79 97 
12 0 85 45 92 45 21 84 87 54 13 85 71 12 46 41 80 48 83 27 
94 85 0 51 26 97 69 78 43 21 96 92 17 86 70 88 82 50 27 96 
42 45 51 0 16 28 84 27 51 21 26 88 30 0 4 70 81 90 32 12 
51 92 26 16 0 29 14 79 20 97 14 65 69 36 41 47 95 87 81 25 
63 45 97 28 29 0 1 72 85 20 9 35 40 56 46 42 55 24 71 40 
27 21 69 84 14 1 0 2 63 48 7 94 35 92 66 16 33 34 26 54 
30 84 78 27 79 72 2 0 95 72 1 7 46 5 73 9 81 62 59 93 
85 87 43 51 20 85 63 95 0 11 90 52 72 45 80 58 54 96 58 48 
74 54 21 21 97 20 48 72 11 0 37 37 31 19 78 92 77 69 27 15 
96 13 96 26 14 9 7 1 90 37 0 18 87 93 55 42 44 59 94 78 
76 85 92 88 65 35 94 7 52 37 18 0 38 86 71 31 20 42 96 4 
89 71 17 30 69 40 35 46 72 31 87 38 0 78 81 78 10 72 17 94 
1 12 86 0 36 56 92 5 45 19 93 86 78 0 76 44 26 90 8 7 
6 46 70 4 41 46 66 73 80 78 55 71 81 76 0 76 22 46 79 62 
23 41 88 70 47 42 16 9 58 92 42 31 78 44 76 0 28 14 47 28 
63 80 82 81 95 55 33 81 54 77 44 20 10 26 22 28 0 83 76 25 
85 48 50 90 87 24 34 62 96 69 59 42 72 90 46 14 83 0 41 4 
79 83 27 32 81 71 26 59 58 27 94 96 17 8 79 47 76 41 0 85 
97 27 96 12 25 40 54 93 48 15 78 4 94 7 62 28 25 4 85 0 

19 4
11 19 13 1 
0 40 31 93 95 37 9 81 60 2 54 30 54 20 8 3 54 41 73 11 
40 0 51 82 40 25 19 52 29 68 86 91 21 72 70 99 29 61 42 58 
31 51 0 70 79 7 48 45 71 24 7 65 54 38 86 70 64 28 92 62 
93 82 70 0 53 70 49 19 44 64 54 92 36 58 55 61 96 99 82 61 
95 40 79 53 0 22 46 98 99 12 95 34 66 27 83 92 50 73 34 71 
37 25 7 70 22 0 0 71 58 25 38 5 17 78 87 7 17 46 46 80 
9 19 48 49 46 0 0 59 17 47 13 41 57 44 67 94 0 46 86 28 
81 52 45 19 98 71 59 0 93 26 43 18 98 79 28 68 84 82 60 7 
60 29 71 44 99 58 17 93 0 99 36 34 18 21 10 59 22 54 35 81 
2 68 24 64 12 25 47 26 99 0 59 61 95 30 60 74 61 70 6 27 
54 86 7 54 95 38 13 43 36 59 0 98 60 70 6 81 36 87 90 58 
30 91 65 92 34 5 41 18 34 61 98 0 83 87 82 11 72 45 47 43 
54 21 54 36 66 17 57 98 18 95 60 83 0 52 33 13 33 69 61 42 
20 72 38 58 27 78 44 79 21 30 70 87 52 0 42 3 35 67 43 96 
8 70 86 55 83 87 67 28 10 60 6 82 33 42 0 40 8 86 62 7 
3 99 70 61 92 7 94 68 59 74 81 11 13 3 40 0 50 44 26 16 
54 29 64 96 50 17 0 84 22 61 36 72 33 35 8 50 0 87 59 36 
41 61 28 99 73 46 46 82 54 70 87 45 69 67 86 44 87 0 65 2 
73 42 92 82 34 46 86 60 35 6 90 47 61 43 62 26 59 65 0 22 
11 58 62 61 71 80 28 7 81 27 58 43 42 96 7 16 36 2 22 0 

19 11
14 2 18 12 6 9 13 1 17 19 10 
0 76 18 82 79 19 71 91 85 98 61 76 59 8 16 45 35 17 22 43 
76 0 49 80 39 79 91 4 76 95 90 52 22 26 76 50 29 83 3 31 
18 49 0 79 26 4 13 56 3 69 10 95 7 33 41 22 97 82 35 35 
82 80 79 0 82 5 35 31 50 10 67 66 32 79 24 17 16 74 41 49 
79 39 26 82 0 83 12 9 32 3 97 91 16 38 22 82 64 58 1 2 
19 79 4 5 83 0 19 43 63 26 34 41 50 31 18 56 10 62 79 14 
71 91 13 35 12 19 0 23 50 36 4 76 23 42 69 10 47 12 44 56 
91 4 56 31 9 43 23 0 6 22 61 79 18 67 41 83 59 37 59 33 
85 76 3 50 32 63 50 6 0 25 59 26 12 49 65 24 63 94 40 11 
98 95 69 10 3 26 36 22 25 0 93 38 87 60 32 12 47 83 32 0 
61 90 10 67 97 34 4 61 59 93 0 70 3 51 6 1 19 54 16 44 
76 52 95 66 91 41 76 79 26 38 70 0 24 75 77 76 10 27 87 73 
59 22 7 32 16 50 23 18 12 87 3 24 0 42 51 52 90 6 11 1 
8 26 33 79 38 31 42 67 49 60 51 75 42 0 49 9 7 20 80 77 
16 76 41 24 22 18 69 41 65 32 6 77 51 49 0 86 32 30 55 45 
45 50 22 17 82 56 10 83 24 12 1 76 52 9 86 0 79 88 98 84 
35 29 97 16 64 10 47 59 63 47 19 10 90 7 32 79 0 32 43 37 
17 83 82 74 58 62 12 37 94 83 54 27 6 20 30 88 32 0 36 39 
22 3 35 41 1 79 44 59 40 32 16 87 11 80 55 98 43 36 0 58 
43 31 35 49 2 14 56 33 11 0 44 73 1 77 45 84 37 39 58 0 

19 6
18 16 11 4 10 19 
0 65 83 79 4 40 75 29 59 88 78 14 41 46 14 33 7 14 85 29 
65 0 90 49 7 63 41 55 72 85 9 59 15 61 60 84 94 57 67 18 
83 90 0 21 62 79 38 26 24 31 47 32 32 61 49 33 89 6 84 52 
79 49 21 0 40 20 10 0 39 27 46 34 61 36 56 19 32 46 71 51 
4 7 62 40 0 41 82 79 34 97 42 76 18 26 58 28 60 52 1 71 
40 63 79 20 41 0 52 10 47 81 36 53 60 42 88 38 84 35 57 89 
75 41 38 10 82 52 0 85 50 45 50 39 2 75 97 82 13 77 51 63 
29 55 26 0 79 10 85 0 83 78 7 25 35 1 63 82 62 36 23 99 
59 72 24 39 34 47 50 83 0 8 61 68 53 35 29 62 19 52 66 77 
88 85 31 27 97 81 45 78 8 0 45 37 24 34 18 5 76 91 70 78 
78 9 47 46 42 36 50 7 61 45 0 64 69 86 52 12 16 98 40 41 
14 59 32 34 76 53 39 25 68 37 64 0 41 26 40 53 39 68 66 30 
41 15 32 61 18 60 2 35 53 24 69 41 0 97 9 16 8 21 67 75 
46 61 61 36 26 42 75 1 35 34 86 26 97 0 94 62 27 93 69 17 
14 60 49 56 58 88 97 63 29 18 52 40 9 94 0 65 33 49 14 58 
33 84 33 19 28 38 82 82 62 5 12 53 16 62 65 0 1 45 49 54 
7 94 89 32 60 84 13 62 19 76 16 39 8 27 33 1 0 2 62 79 
14 57 6 46 52 35 77 36 52 91 98 68 21 93 49 45 2 0 30 77 
85 67 84 71 1 57 51 23 66 70 40 66 67 69 14 49 62 30 0 24 
29 18 52 51 71 89 63 99 77 78 41 30 75 17 58 54 79 77 24 0 

19 11
16 9 2 14 10 19 18 12 17 15 4 
0 27 18 7 48 42 74 19 67 12 74 18 78 80 26 54 7 49 2 93 
27 0 33 64 3 80 49 23 12 95 67 2 9 43 27 21 42 0 39 98 
18 33 0 90 97 49 73 50 42 63 38 61 4 35 98 39 71 50 98 78 
7 64 90 0 9 45 24 97 27 10 28 8 14 85 57 85 76 10 26 65 
48 3 97 9 0 54 72 0 34 2 81 88 69 53 28 61 13 38 61 52 
42 80 49 45 54 0 70 2 59 38 29 9 12 76 81 10 47 45 11 24 
74 49 73 24 72 70 0 94 92 47 56 7 89 14 58 12 75 48 96 47 
19 23 50 97 0 2 94 0 3 15 95 57 44 15 82 8 15 22 0 17 
67 12 42 27 34 59 92 3 0 55 80 58 88 98 39 26 33 7 4 55 
12 95 63 10 2 38 47 15 55 0 83 51 82 46 31 30 56 55 64 77 
74 67 38 28 81 29 56 95 80 83 0 91 81 32 26 90 26 48 8 85 
18 2 61 8 88 9 7 57 58 51 91 0 18 85 92 14 71 37 9 38 
78 9 4 14 69 12 89 44 88 82 81 18 0 96 64 16 17 96 83 20 
80 43 35 85 53 76 14 15 98 46 32 85 96 0 53 11 48 2 45 27 
26 27 98 57 28 81 58 82 39 31 26 92 64 53 0 66 85 95 67 73 
54 21 39 85 61 10 12 8 26 30 90 14 16 11 66 0 65 42 1 42 
7 42 71 76 13 47 75 15 33 56 26 71 17 48 85 65 0 9 98 51 
49 0 50 10 38 45 48 22 7 55 48 37 96 2 95 42 9 0 87 27 
2 39 98 26 61 11 96 0 4 64 8 9 83 45 67 1 98 87 0 38 
93 98 78 65 52 24 47 17 55 77 85 38 20 27 73 42 51 27 38 0 

19 12
3 6 4 15 7 16 17 8 5 19 18 1 
0 4 87 88 41 75 89 18 54 81 13 57 85 72 35 65 76 29 69 67 
4 0 46 97 8 65 78 4 85 81 91 14 13 31 6 5 56 29 67 82 
87 46 0 20 94 63 61 6 82 33 32 46 36 37 97 12 94 98 83 2 
88 97 20 0 31 69 94 98 5 91 43 30 38 7 48 35 96 54 14 18 
41 8 94 31 0 47 23 7 64 38 76 15 62 23 90 11 90 66 69 57 
75 65 63 69 47 0 6 26 33 9 35 98 37 56 21 86 14 19 26 80 
89 78 61 94 23 6 0 98 19 8 27 16 91 1 26 81 88 38 46 29 
18 4 6 98 7 26 98 0 64 60 49 72 54 88 65 87 63 93 36 30 
54 85 82 5 64 33 19 64 0 30 51 67 97 79 23 67 40 45 2 78 
81 81 33 91 38 9 8 60 30 0 4 65 52 48 48 71 39 36 45 72 
13 91 32 43 76 35 27 49 51 4 0 25 72 30 63 87 36 59 62 50 
57 14 46 30 15 98 16 72 67 65 25 0 72 17 68 60 75 11 40 40 
85 13 36 38 62 37 91 54 97 52 72 72 0 88 20 73 72 11 85 85 
72 31 37 7 23 56 1 88 79 48 30 17 88 0 65 29 54 89 77 73 
35 6 97 48 90 21 26 65 23 48 63 68 20 65 0 37 74 52 4 0 
65 5 12 35 11 86 81 87 67 71 87 60 73 29 37 0 91 44 32 5 
76 56 94 96 90 14 88 63 40 39 36 75 72 54 74 91 0 12 52 16 
29 29 98 54 66 19 38 93 45 36 59 11 11 89 52 44 12 0 95 78 
69 67 83 14 69 26 46 36 2 45 62 40 85 77 4 32 52 95 0 79 
67 82 2 18 57 80 29 30 78 72 50 40 85 73 0 5 16 78 79 0 

19 1
11 
0 69 79 59 89 78 61 27 21 30 88 41 42 61 87 66 87 64 23 15 
69 0 85 18 46 49 77 5 34 61 42 37 61 22 30 15 43 13 19 40 
79 85 0 50 74 85 37 46 12 45 7 50 67 13 88 97 79 49 40 38 
59 18 50 0 26 30 7 84 31 81 83 94 42 29 6 92 64 90 3 46 
89 46 74 26 0 95 30 54 74 98 26 47 73 7 56 63 71 23 13 94 
78 49 85 30 95 0 12 96 74 0 82 22 37 35 86 95 46 2 31 25 
61 77 37 7 30 12 0 91 36 46 30 66 37 35 72 41 62 53 23 84 
27 5 46 84 54 96 91 0 29 43 78 44 11 0 98 39 57 24 23 61 
21 34 12 31 74 74 36 29 0 54 68 54 86 35 38 84 18 82 42 44 
30 61 45 81 98 0 46 43 54 0 26 5 99 84 99 95 78 66 29 61 
88 42 7 83 26 82 30 78 68 26 0 87 2 99 63 45 85 35 14 35 
41 37 50 94 47 22 66 44 54 5 87 0 8 78 37 88 26 69 0 47 
42 61 67 42 73 37 37 11 86 99 2 8 0 21 85 65 6 12 37 28 
61 22 13 29 7 35 35 0 35 84 99 78 21 0 53 15 83 30 4 93 
87 30 88 6 56 86 72 98 38 99 63 37 85 53 0 39 17 62 26 32 
66 15 97 92 63 95 41 39 84 95 45 88 65 15 39 0 86 39 84 36 
87 43 79 64 71 46 62 57 18 78 85 26 6 83 17 86 0 11 5 82 
64 13 49 90 23 2 53 24 82 66 35 69 12 30 62 39 11 0 51 81 
23 19 40 3 13 31 23 23 42 29 14 0 37 4 26 84 5 51 0 56 
15 40 38 46 94 25 84 61 44 61 35 47 28 93 32 36 82 81 56 0 

19 5
16 17 8 4 19 
0 87 69 40 18 57 42 44 90 19 22 39 43 65 26 53 84 71 63 91 
87 0 84 94 84 90 90 88 28 38 44 13 9 96 68 17 45 73 4 55 
69 84 0 23 31 49 49 2 72 92 37 43 51 50 8 76 27 67 90 82 
40 94 23 0 74 10 61 95 57 44 13 1 91 34 45 24 73 24 47 47 
18 84 31 74 0 34 0 30 59 31 89 25 75 84 30 97 7 35 58 43 
57 90 49 10 34 0 40 95 29 96 2 86 93 70 50 47 28 15 20 86 
42 90 49 61 0 40 0 91 31 53 6 52 39 92 22 56 89 86 29 91 
44 88 2 95 30 95 91 0 90 92 27 90 82 3 96 51 0 76 23 48 
90 28 72 57 59 29 31 90 0 97 5 81 74 5 3 74 60 1 89 9 
19 38 92 44 31 96 53 92 97 0 69 75 59 35 95 41 45 81 14 68 
22 44 37 13 89 2 6 27 5 69 0 3 99 41 25 6 69 56 57 64 
39 13 43 1 25 86 52 90 81 75 3 0 77 79 27 9 84 7 68 67 
43 9 51 91 75 93 39 82 74 59 99 77 0 87 87 11 43 26 35 91 
65 96 50 34 84 70 92 3 5 35 41 79 87 0 86 19 24 4 96 44 
26 68 8 45 30 50 22 96 3 95 25 27 87 86 0 71 82 96 70 77 
53 17 76 24 97 47 56 51 74 41 6 9 11 19 71 0 78 77 23 99 
84 45 27 73 7 28 89 0 60 45 69 84 43 24 82 78 0 65 71 8 
71 73 67 24 35 15 86 76 1 81 56 7 26 4 96 77 65 0 36 62 
63 4 90 47 58 20 29 23 89 14 57 68 35 96 70 23 71 36 0 91 
91 55 82 47 43 86 91 48 9 68 64 67 91 44 77 99 8 62 91 0 

19 14
19 15 11 1 5 17 18 10 14 2 12 4 16 13 
0 53 94 76 30 48 94 42 89 19 53 46 88 47 56 54 87 49 88 27 
53 0 53 4 83 84 57 85 31 32 36 18 13 63 22 55 39 8 21 31 
94 53 0 27 41 85 6 92 52 33 49 66 98 59 68 38 28 56 32 4 
76 4 27 0 65 11 81 2 23 24 82 38 85 89 55 43 38 85 73 16 
30 83 41 65 0 93 65 32 15 12 93 51 42 72 75 38 17 19 87 60 
48 84 85 11 93 0 72 77 71 65 98 73 9 58 27 28 95 21 54 20 
94 57 6 81 65 72 0 31 32 48 38 25 32 30 38 82 0 37 41 12 
42 85 92 2 32 77 31 0 84 9 49 96 64 91 57 44 14 12 83 77 
89 31 52 23 15 71 32 84 0 64 92 59 60 27 80 99 53 2 80 33 
19 32 33 24 12 65 48 9 64 0 4 55 76 42 42 79 78 75 29 33 
53 36 49 82 93 98 38 49 92 4 0 62 85 9 32 18 80 90 56 32 
46 18 66 38 51 73 25 96 59 55 62 0 21 85 39 2 42 67 68 61 
88 13 98 85 42 9 32 64 60 76 85 21 0 14 21 89 50 49 55 41 
47 63 59 89 72 58 30 91 27 42 9 85 14 0 27 15 21 98 30 0 
56 22 68 55 75 27 38 57 80 42 32 39 21 27 0 99 61 75 21 84 
54 55 38 43 38 28 82 44 99 79 18 2 89 15 99 0 65 16 98 59 
87 39 28 38 17 95 0 14 53 78 80 42 50 21 61 65 0 42 51 35 
49 8 56 85 19 21 37 12 2 75 90 67 49 98 75 16 42 0 6 14 
88 21 32 73 87 54 41 83 80 29 56 68 55 30 21 98 51 6 0 72 
27 31 4 16 60 20 12 77 33 33 32 61 41 0 84 59 35 14 72 0 

19 12
15 5 19 3 17 12 16 18 7 2 8 14 
0 38 51 19 41 22 91 12 41 3 69 23 55 35 25 49 25 63 12 72 
38 0 50 15 57 20 27 52 67 55 65 24 97 29 77 61 32 97 21 91 
51 50 0 72 52 68 84 90 4 45 62 66 76 70 28 98 15 8 89 33 
19 15 72 0 74 72 46 54 84 84 47 73 57 84 18 68 15 21 79 8 
41 57 52 74 0 29 32 64 87 17 96 1 34 14 69 57 8 31 8 69 
22 20 68 72 29 0 2 0 11 77 74 79 39 36 39 10 7 31 91 83 
91 27 84 46 32 2 0 9 47 47 56 84 14 72 10 48 81 59 51 61 
12 52 90 54 64 0 9 0 60 36 5 38 94 92 57 73 3 61 47 73 
41 67 4 84 87 11 47 60 0 27 83 59 85 62 4 47 37 7 57 61 
3 55 45 84 17 77 47 36 27 0 25 86 1 52 96 45 20 98 54 38 
69 65 62 47 96 74 56 5 83 25 0 40 87 85 84 12 34 34 5 85 
23 24 66 73 1 79 84 38 59 86 40 0 38 6 73 57 53 47 57 80 
55 97 76 57 34 39 14 94 85 1 87 38 0 49 98 57 71 23 6 43 
35 29 70 84 14 36 72 92 62 52 85 6 49 0 1 30 54 6 9 32 
25 77 28 18 69 39 10 57 4 96 84 73 98 1 0 89 23 25 79 7 
49 61 98 68 57 10 48 73 47 45 12 57 57 30 89 0 32 5 59 61 
25 32 15 15 8 7 81 3 37 20 34 53 71 54 23 32 0 23 39 20 
63 97 8 21 31 31 59 61 7 98 34 47 23 6 25 5 23 0 62 54 
12 21 89 79 8 91 51 47 57 54 5 57 6 9 79 59 39 62 0 18 
72 91 33 8 69 83 61 73 61 38 85 80 43 32 7 61 20 54 18 0 

19 1
9 
0 77 59 63 2 75 92 19 52 75 70 3 49 19 90 24 78 63 35 80 
77 0 43 29 83 63 23 81 10 87 45 89 98 79 85 2 17 0 86 81 
59 43 0 61 45 18 28 74 25 97 37 52 71 92 42 22 2 5 40 62 
63 29 61 0 43 59 3 16 33 23 22 99 43 38 16 77 96 59 58 84 
2 83 45 43 0 4 73 79 33 55 74 79 2 85 80 36 85 5 37 76 
75 63 18 59 4 0 51 90 22 40 71 40 28 49 31 95 54 58 37 88 
92 23 28 3 73 51 0 43 6 15 57 73 4 33 58 48 33 89 69 25 
19 81 74 16 79 90 43 0 17 21 86 67 70 25 14 39 78 80 54 44 
52 10 25 33 33 22 6 17 0 79 5 21 73 14 91 42 88 94 53 47 
75 87 97 23 55 40 15 21 79 0 41 43 33 80 15 68 35 48 28 85 
70 45 37 22 74 71 57 86 5 41 0 50 43 3 73 56 89 35 91 59 
3 89 52 99 79 40 73 67 21 43 50 0 2 87 76 25 83 20 15 76 
49 98 71 43 2 28 4 70 73 33 43 2 0 88 64 41 39 92 13 88 
19 79 92 38 85 49 33 25 14 80 3 87 88 0 20 59 7 23 94 6 
90 85 42 16 80 31 58 14 91 15 73 76 64 20 0 48 47 0 2 9 
24 2 22 77 36 95 48 39 42 68 56 25 41 59 48 0 33 93 75 73 
78 17 2 96 85 54 33 78 88 35 89 83 39 7 47 33 0 45 63 76 
63 0 5 59 5 58 89 80 94 48 35 20 92 23 0 93 45 0 41 91 
35 86 40 58 37 37 69 54 53 28 91 15 13 94 2 75 63 41 0 48 
80 81 62 84 76 88 25 44 47 85 59 76 88 6 9 73 76 91 48 0 

19 2
13 11 
0 59 57 17 56 32 89 74 23 75 77 85 82 13 3 2 77 34 2 89 
59 0 95 71 85 70 46 22 88 86 80 24 48 17 63 86 65 81 5 72 
57 95 0 49 56 16 13 40 15 54 69 74 73 69 18 51 79 86 98 75 
17 71 49 0 73 23 14 39 7 59 20 4 78 66 35 12 86 87 71 34 
56 85 56 73 0 42 75 20 39 78 78 65 35 42 28 70 53 11 35 51 
32 70 16 23 42 0 57 7 72 48 28 74 33 53 29 8 30 83 18 6 
89 46 13 14 75 57 0 64 46 77 24 59 66 46 62 71 89 88 64 51 
74 22 40 39 20 7 64 0 87 89 49 0 52 50 83 30 92 2 92 74 
23 88 15 7 39 72 46 87 0 37 42 92 27 26 75 91 96 80 9 68 
75 86 54 59 78 48 77 89 37 0 46 28 54 91 16 57 19 68 36 76 
77 80 69 20 78 28 24 49 42 46 0 13 17 16 79 71 30 50 57 71 
85 24 74 4 65 74 59 0 92 28 13 0 73 29 15 76 92 34 91 40 
82 48 73 78 35 33 66 52 27 54 17 73 0 12 91 29 68 67 58 66 
13 17 69 66 42 53 46 50 26 91 16 29 12 0 37 30 54 98 48 14 
3 63 18 35 28 29 62 83 75 16 79 15 91 37 0 0 11 27 7 13 
2 86 51 12 70 8 71 30 91 57 71 76 29 30 0 0 16 91 48 27 
77 65 79 86 53 30 89 92 96 19 30 92 68 54 11 16 0 28 38 26 
34 81 86 87 11 83 88 2 80 68 50 34 67 98 27 91 28 0 58 7 
2 5 98 71 35 18 64 92 9 36 57 91 58 48 7 48 38 58 0 78 
89 72 75 34 51 6 51 74 68 76 71 40 66 14 13 27 26 7 78 0 

19 6
17 15 12 8 18 5 
0 99 84 40 76 49 25 80 27 97 5 63 6 54 7 23 57 19 64 0 
99 0 85 60 9 18 65 34 99 76 75 79 37 21 69 17 64 5 45 61 
84 85 0 29 66 8 68 73 36 14 86 74 74 64 47 70 21 48 27 79 
40 60 29 0 28 10 89 98 49 69 29 26 58 36 80 18 27 22 73 67 
76 9 66 28 0 61 61 9 63 93 39 99 86 87 12 34 23 9 93 56 
49 18 8 10 61 0 29 8 1 46 4 67 37 10 11 44 10 41 15 47 
25 65 68 89 61 29 0 59 21 9 64 63 58 91 29 12 65 52 34 82 
80 34 73 98 9 8 59 0 97 7 38 47 76 13 31 31 59 42 25 65 
27 99 36 49 63 1 21 97 0 86 67 76 36 15 18 81 0 57 65 4 
97 76 14 69 93 46 9 7 86 0 29 49 0 3 51 64 97 42 57 32 
5 75 86 29 39 4 64 38 67 29 0 29 94 59 50 93 72 50 9 68 
63 79 74 26 99 67 63 47 76 49 29 0 5 99 38 24 28 97 59 29 
6 37 74 58 86 37 58 76 36 0 94 5 0 45 89 18 21 24 99 42 
54 21 64 36 87 10 91 13 15 3 59 99 45 0 82 37 70 21 87 7 
7 69 47 80 12 11 29 31 18 51 50 38 89 82 0 61 55 6 46 89 
23 17 70 18 34 44 12 31 81 64 93 24 18 37 61 0 2 55 32 16 
57 64 21 27 23 10 65 59 0 97 72 28 21 70 55 2 0 71 33 65 
19 5 48 22 9 41 52 42 57 42 50 97 24 21 6 55 71 0 44 72 
64 45 27 73 93 15 34 25 65 57 9 59 99 87 46 32 33 44 0 81 
0 61 79 67 56 47 82 65 4 32 68 29 42 7 89 16 65 72 81 0 

19 12
11 4 7 9 15 18 2 3 14 16 13 8 
0 77 93 99 37 48 37 62 81 6 13 19 64 94 34 50 84 40 84 62 
77 0 85 91 57 29 57 5 84 24 34 18 86 77 64 14 70 99 70 57 
93 85 0 81 59 87 66 13 77 82 83 11 85 19 21 33 92 73 48 69 
99 91 81 0 74 0 87 24 14 20 82 46 55 76 32 47 75 62 15 21 
37 57 59 74 0 2 24 90 92 76 64 3 0 30 61 56 86 91 85 37 
48 29 87 0 2 0 37 12 99 39 0 80 34 75 97 98 49 1 73 91 
37 57 66 87 24 37 0 23 40 19 75 19 4 72 32 8 51 33 39 2 
62 5 13 24 90 12 23 0 20 75 36 32 86 43 38 51 86 63 64 69 
81 84 77 14 92 99 40 20 0 45 61 94 52 5 99 19 30 90 29 27 
6 24 82 20 76 39 19 75 45 0 56 81 46 5 59 61 18 88 87 58 
13 34 83 82 64 0 75 36 61 56 0 9 12 99 75 22 28 51 64 86 
19 18 11 46 3 80 19 32 94 81 9 0 46 29 97 12 68 63 22 59 
64 86 85 55 0 34 4 86 52 46 12 46 0 78 62 11 94 53 76 56 
94 77 19 76 30 75 72 43 5 5 99 29 78 0 56 67 8 59 31 20 
34 64 21 32 61 97 32 38 99 59 75 97 62 56 0 15 18 96 77 6 
50 14 33 47 56 98 8 51 19 61 22 12 11 67 15 0 97 73 59 55 
84 70 92 75 86 49 51 86 30 18 28 68 94 8 18 97 0 84 72 0 
40 99 73 62 91 1 33 63 90 88 51 63 53 59 96 73 84 0 42 94 
84 70 48 15 85 73 39 64 29 87 64 22 76 31 77 59 72 42 0 48 
62 57 69 21 37 91 2 69 27 58 86 59 56 20 6 55 0 94 48 0 

19 3
8 14 12 
0 58 37 43 89 41 94 27 34 17 9 76 44 59 26 3 83 52 1 43 
58 0 22 66 96 99 63 29 27 43 67 59 31 45 58 97 81 12 68 16 
37 22 0 66 34 23 93 4 56 77 38 12 46 3 85 52 76 72 54 61 
43 66 66 0 24 15 4 89 82 60 33 38 61 41 81 79 75 90 50 53 
89 96 34 24 0 35 28 6 46 23 34 28 78 51 3 64 22 38 91 98 
41 99 23 15 35 0 94 12 81 91 72 83 18 8 79 36 79 72 47 61 
94 63 93 4 28 94 0 59 37 53 8 24 79 87 45 40 17 63 45 15 
27 29 4 89 6 12 59 0 93 76 41 91 54 15 3 13 48 44 80 63 
34 27 56 82 46 81 37 93 0 77 93 74 32 44 68 49 91 27 68 53 
17 43 77 60 23 91 53 76 77 0 60 1 15 58 1 14 31 17 93 67 
9 67 38 33 34 72 8 41 93 60 0 34 83 11 63 97 9 58 89 36 
76 59 12 38 28 83 24 91 74 1 34 0 94 70 31 8 1 3 3 31 
44 31 46 61 78 18 79 54 32 15 83 94 0 2 50 8 90 20 67 73 
59 45 3 41 51 8 87 15 44 58 11 70 2 0 57 83 34 58 14 55 
26 58 85 81 3 79 45 3 68 1 63 31 50 57 0 83 68 4 69 77 
3 97 52 79 64 36 40 13 49 14 97 8 8 83 83 0 44 59 17 88 
83 81 76 75 22 79 17 48 91 31 9 1 90 34 68 44 0 0 13 54 
52 12 72 90 38 72 63 44 27 17 58 3 20 58 4 59 0 0 87 75 
1 68 54 50 91 47 45 80 68 93 89 3 67 14 69 17 13 87 0 33 
43 16 61 53 98 61 15 63 53 67 36 31 73 55 77 88 54 75 33 0 

