20

23 2
13 3 
0 46 85 50 87 21 98 38 84 17 11 38 93 11 53 25 72 57 53 27 79 72 47 7 
46 0 43 64 49 66 1 92 47 65 89 17 77 83 86 5 64 17 90 76 6 28 84 68 
85 43 0 20 13 68 10 62 72 24 97 40 78 2 55 0 36 25 26 90 73 20 71 21 
50 64 20 0 89 17 8 69 37 91 61 35 55 33 5 90 15 28 54 25 92 47 88 74 
87 49 13 89 0 92 13 34 82 30 28 16 80 26 41 60 13 84 53 45 65 51 87 2 
21 66 68 17 92 0 12 85 3 84 99 87 87 87 63 83 73 42 37 62 66 15 31 69 
98 1 10 8 13 12 0 38 85 10 31 13 90 42 40 45 73 71 2 26 49 18 37 39 
38 92 62 69 34 85 38 0 0 8 79 67 14 11 33 13 10 56 36 92 75 8 59 76 
84 47 72 37 82 3 85 0 0 37 67 73 14 39 42 25 50 26 77 23 87 12 26 55 
17 65 24 91 30 84 10 8 37 0 84 13 53 68 95 23 69 70 55 96 40 49 95 98 
11 89 97 61 28 99 31 79 67 84 0 75 46 37 25 85 52 57 21 22 32 79 90 68 
38 17 40 35 16 87 13 67 73 13 75 0 77 40 15 86 87 6 44 50 69 66 41 69 
93 77 78 55 80 87 90 14 14 53 46 77 0 2 72 29 24 81 90 76 10 84 10 79 
11 83 2 33 26 87 42 11 39 68 37 40 2 0 17 55 17 66 19 31 37 16 87 37 
53 86 55 5 41 63 40 33 42 95 25 15 72 17 0 51 76 84 37 82 48 42 63 53 
25 5 0 90 60 83 45 13 25 23 85 86 29 55 51 0 66 63 17 47 72 74 85 35 
72 64 36 15 13 73 73 10 50 69 52 87 24 17 76 66 0 76 52 67 93 93 75 3 
57 17 25 28 84 42 71 56 26 70 57 6 81 66 84 63 76 0 12 74 88 3 11 89 
53 90 26 54 53 37 2 36 77 55 21 44 90 19 37 17 52 12 0 64 46 14 41 99 
27 76 90 25 45 62 26 92 23 96 22 50 76 31 82 47 67 74 64 0 13 31 1 34 
79 6 73 92 65 66 49 75 87 40 32 69 10 37 48 72 93 88 46 13 0 81 61 20 
72 28 20 47 51 15 18 8 12 49 79 66 84 16 42 74 93 3 14 31 81 0 0 96 
47 84 71 88 87 31 37 59 26 95 90 41 10 87 63 85 75 11 41 1 61 0 0 81 
7 68 21 74 2 69 39 76 55 98 68 69 79 37 53 35 3 89 99 34 20 96 81 0 

23 13
1 2 4 18 8 6 17 12 14 11 9 19 22 
0 45 59 7 13 87 99 96 67 94 83 41 13 68 72 42 9 49 48 66 48 18 13 69 
45 0 32 36 63 15 11 12 99 26 66 40 1 6 50 47 66 69 23 89 95 84 79 75 
59 32 0 53 83 37 35 26 89 47 85 98 69 87 82 71 73 68 36 67 36 22 71 27 
7 36 53 0 7 87 62 82 55 86 3 88 55 40 46 85 22 84 48 62 37 37 93 74 
13 63 83 7 0 79 73 71 82 61 18 46 27 13 42 22 74 10 43 16 26 15 54 38 
87 15 37 87 79 0 30 66 31 73 26 59 99 32 4 70 6 98 28 1 76 28 73 15 
99 11 35 62 73 30 0 96 51 75 55 35 6 45 61 96 57 63 72 56 74 22 80 13 
96 12 26 82 71 66 96 0 71 17 66 92 53 93 27 32 36 73 90 11 73 51 98 43 
67 99 89 55 82 31 51 71 0 97 50 49 50 3 88 30 38 1 89 22 44 19 11 74 
94 26 47 86 61 73 75 17 97 0 50 94 22 80 24 81 67 77 12 19 9 98 49 12 
83 66 85 3 18 26 55 66 50 50 0 0 16 94 73 85 51 1 11 63 57 14 60 72 
41 40 98 88 46 59 35 92 49 94 0 0 5 59 78 5 31 85 93 69 59 32 96 89 
13 1 69 55 27 99 6 53 50 22 16 5 0 51 9 71 32 37 20 92 52 6 26 35 
68 6 87 40 13 32 45 93 3 80 94 59 51 0 40 97 17 93 51 92 44 17 24 97 
72 50 82 46 42 4 61 27 88 24 73 78 9 40 0 95 75 81 56 7 39 53 25 2 
42 47 71 85 22 70 96 32 30 81 85 5 71 97 95 0 85 96 82 81 83 53 52 19 
9 66 73 22 74 6 57 36 38 67 51 31 32 17 75 85 0 22 7 43 71 23 23 11 
49 69 68 84 10 98 63 73 1 77 1 85 37 93 81 96 22 0 35 10 55 21 99 38 
48 23 36 48 43 28 72 90 89 12 11 93 20 51 56 82 7 35 0 36 63 97 5 81 
66 89 67 62 16 1 56 11 22 19 63 69 92 92 7 81 43 10 36 0 41 59 69 67 
48 95 36 37 26 76 74 73 44 9 57 59 52 44 39 83 71 55 63 41 0 9 36 80 
18 84 22 37 15 28 22 51 19 98 14 32 6 17 53 53 23 21 97 59 9 0 58 58 
13 79 71 93 54 73 80 98 11 49 60 96 26 24 25 52 23 99 5 69 36 58 0 64 
69 75 27 74 38 15 13 43 74 12 72 89 35 97 2 19 11 38 81 67 80 58 64 0 

23 7
18 9 4 10 13 2 22 
0 1 28 44 60 28 65 49 65 62 84 79 29 97 92 59 83 72 70 14 30 63 71 52 
1 0 6 33 98 92 1 49 61 40 28 49 43 24 91 14 12 59 17 52 60 11 5 75 
28 6 0 30 65 3 28 58 40 3 13 94 10 2 92 63 30 18 87 90 58 67 61 21 
44 33 30 0 29 43 26 85 82 54 32 6 91 13 34 60 64 81 78 0 0 1 35 23 
60 98 65 29 0 11 49 91 31 51 1 85 46 76 22 3 89 66 27 43 97 1 76 63 
28 92 3 43 11 0 54 93 56 37 50 62 26 84 69 15 40 89 52 26 3 70 46 95 
65 1 28 26 49 54 0 26 96 11 94 49 62 0 80 73 82 76 22 51 63 39 40 83 
49 49 58 85 91 93 26 0 33 32 97 49 52 32 20 71 14 86 96 4 37 45 10 0 
65 61 40 82 31 56 96 33 0 48 99 31 32 89 88 97 10 38 54 43 28 74 37 48 
62 40 3 54 51 37 11 32 48 0 90 25 82 74 97 64 26 91 66 54 21 89 13 76 
84 28 13 32 1 50 94 97 99 90 0 52 28 48 76 24 64 55 18 73 11 50 92 95 
79 49 94 6 85 62 49 49 31 25 52 0 8 29 14 33 58 76 26 40 20 68 31 50 
29 43 10 91 46 26 62 52 32 82 28 8 0 13 99 79 12 41 52 95 26 22 54 85 
97 24 2 13 76 84 0 32 89 74 48 29 13 0 39 1 27 8 49 58 68 67 11 27 
92 91 92 34 22 69 80 20 88 97 76 14 99 39 0 84 21 98 65 54 55 13 73 17 
59 14 63 60 3 15 73 71 97 64 24 33 79 1 84 0 53 77 53 40 98 21 7 59 
83 12 30 64 89 40 82 14 10 26 64 58 12 27 21 53 0 18 43 7 89 70 24 94 
72 59 18 81 66 89 76 86 38 91 55 76 41 8 98 77 18 0 35 30 51 84 37 60 
70 17 87 78 27 52 22 96 54 66 18 26 52 49 65 53 43 35 0 82 94 68 70 28 
14 52 90 0 43 26 51 4 43 54 73 40 95 58 54 40 7 30 82 0 1 16 34 47 
30 60 58 0 97 3 63 37 28 21 11 20 26 68 55 98 89 51 94 1 0 79 65 17 
63 11 67 1 1 70 39 45 74 89 50 68 22 67 13 21 70 84 68 16 79 0 2 95 
71 5 61 35 76 46 40 10 37 13 92 31 54 11 73 7 24 37 70 34 65 2 0 17 
52 75 21 23 63 95 83 0 48 76 95 50 85 27 17 59 94 60 28 47 17 95 17 0 

23 15
7 5 18 8 3 2 13 23 10 20 16 21 15 11 4 
0 57 59 16 39 66 57 29 16 96 4 45 17 38 24 48 11 33 30 84 79 54 51 38 
57 0 62 79 18 88 19 59 97 97 50 2 95 82 57 90 32 95 22 43 94 61 35 54 
59 62 0 51 15 50 85 76 91 59 95 13 49 45 51 12 23 57 82 28 92 66 35 26 
16 79 51 0 27 28 35 30 27 92 43 72 61 29 82 46 38 53 3 80 20 7 59 84 
39 18 15 27 0 76 89 83 7 89 56 51 88 4 47 47 71 96 45 67 91 25 67 35 
66 88 50 28 76 0 33 26 9 12 18 8 74 94 55 6 67 55 47 3 41 25 71 11 
57 19 85 35 89 33 0 51 56 3 30 74 75 94 81 40 57 94 54 40 4 26 85 81 
29 59 76 30 83 26 51 0 30 89 46 59 28 8 7 86 84 92 7 21 54 22 19 19 
16 97 91 27 7 9 56 30 0 31 96 16 74 51 92 86 81 22 81 94 12 33 66 76 
96 97 59 92 89 12 3 89 31 0 95 27 60 3 31 71 73 17 38 77 74 15 78 45 
4 50 95 43 56 18 30 46 96 95 0 89 30 0 91 91 41 71 62 33 63 16 0 83 
45 2 13 72 51 8 74 59 16 27 89 0 40 90 32 98 4 95 75 72 16 66 19 94 
17 95 49 61 88 74 75 28 74 60 30 40 0 38 33 58 65 3 31 51 18 64 29 44 
38 82 45 29 4 94 94 8 51 3 0 90 38 0 56 50 58 9 40 64 28 88 24 44 
24 57 51 82 47 55 81 7 92 31 91 32 33 56 0 47 3 2 13 43 94 23 24 41 
48 90 12 46 47 6 40 86 86 71 91 98 58 50 47 0 9 80 64 72 71 81 64 56 
11 32 23 38 71 67 57 84 81 73 41 4 65 58 3 9 0 76 9 93 92 70 39 58 
33 95 57 53 96 55 94 92 22 17 71 95 3 9 2 80 76 0 25 79 6 12 31 19 
30 22 82 3 45 47 54 7 81 38 62 75 31 40 13 64 9 25 0 96 74 22 38 61 
84 43 28 80 67 3 40 21 94 77 33 72 51 64 43 72 93 79 96 0 82 65 20 39 
79 94 92 20 91 41 4 54 12 74 63 16 18 28 94 71 92 6 74 82 0 51 83 77 
54 61 66 7 25 25 26 22 33 15 16 66 64 88 23 81 70 12 22 65 51 0 30 4 
51 35 35 59 67 71 85 19 66 78 0 19 29 24 24 64 39 31 38 20 83 30 0 30 
38 54 26 84 35 11 81 19 76 45 83 94 44 44 41 56 58 19 61 39 77 4 30 0 

23 6
4 6 10 5 11 22 
0 46 87 46 82 62 22 1 55 20 11 27 87 30 11 57 46 34 34 26 44 75 5 94 
46 0 41 69 96 11 63 62 59 31 19 18 18 68 93 84 69 50 12 43 10 55 66 23 
87 41 0 45 53 90 86 97 88 13 94 25 78 47 31 40 25 17 70 74 73 64 4 99 
46 69 45 0 47 68 85 78 42 84 24 99 53 96 53 31 29 77 30 5 33 52 35 81 
82 96 53 47 0 32 13 65 40 68 99 94 87 97 89 39 10 52 9 70 18 66 69 91 
62 11 90 68 32 0 59 65 3 79 96 99 30 97 0 62 87 17 97 68 58 3 45 59 
22 63 86 85 13 59 0 21 68 93 92 60 19 11 50 99 95 80 7 88 81 78 75 78 
1 62 97 78 65 65 21 0 86 44 53 98 91 16 59 18 70 66 13 36 69 31 58 24 
55 59 88 42 40 3 68 86 0 81 65 27 23 16 63 86 31 28 5 15 77 80 32 97 
20 31 13 84 68 79 93 44 81 0 2 50 0 24 73 17 64 18 63 39 8 33 97 83 
11 19 94 24 99 96 92 53 65 2 0 98 6 43 36 63 76 75 7 32 99 88 88 56 
27 18 25 99 94 99 60 98 27 50 98 0 83 84 30 26 28 33 10 60 64 39 25 47 
87 18 78 53 87 30 19 91 23 0 6 83 0 58 52 19 62 26 38 73 75 6 15 78 
30 68 47 96 97 97 11 16 16 24 43 84 58 0 45 28 39 18 43 53 82 84 18 23 
11 93 31 53 89 0 50 59 63 73 36 30 52 45 0 25 22 14 14 82 7 39 5 8 
57 84 40 31 39 62 99 18 86 17 63 26 19 28 25 0 1 15 36 84 40 21 58 99 
46 69 25 29 10 87 95 70 31 64 76 28 62 39 22 1 0 0 88 10 42 19 42 35 
34 50 17 77 52 17 80 66 28 18 75 33 26 18 14 15 0 0 81 39 16 73 25 7 
34 12 70 30 9 97 7 13 5 63 7 10 38 43 14 36 88 81 0 23 14 31 44 69 
26 43 74 5 70 68 88 36 15 39 32 60 73 53 82 84 10 39 23 0 78 61 84 66 
44 10 73 33 18 58 81 69 77 8 99 64 75 82 7 40 42 16 14 78 0 43 23 67 
75 55 64 52 66 3 78 31 80 33 88 39 6 84 39 21 19 73 31 61 43 0 27 90 
5 66 4 35 69 45 75 58 32 97 88 25 15 18 5 58 42 25 44 84 23 27 0 88 
94 23 99 81 91 59 78 24 97 83 56 47 78 23 8 99 35 7 69 66 67 90 88 0 

23 13
8 6 3 1 13 12 21 5 23 20 14 17 15 
0 42 26 70 74 39 8 7 45 74 38 80 46 65 21 50 83 3 91 72 42 80 49 5 
42 0 53 98 92 55 30 82 4 4 97 11 53 35 2 9 43 49 94 54 9 30 42 66 
26 53 0 90 42 88 5 65 48 39 57 16 38 30 67 29 85 34 22 12 92 25 11 83 
70 98 90 0 43 30 0 75 17 61 68 97 3 39 78 35 42 8 62 33 97 51 8 11 
74 92 42 43 0 51 53 51 56 87 0 22 25 69 10 47 85 94 69 98 50 57 15 21 
39 55 88 30 51 0 65 84 44 92 50 14 44 22 99 30 23 32 90 2 19 12 26 79 
8 30 5 0 53 65 0 98 48 44 84 77 9 55 71 40 89 67 27 7 99 54 73 3 
7 82 65 75 51 84 98 0 85 76 30 7 94 50 24 30 48 46 53 98 90 26 37 70 
45 4 48 17 56 44 48 85 0 98 91 66 93 28 57 11 4 78 78 41 46 96 95 48 
74 4 39 61 87 92 44 76 98 0 18 45 14 29 9 53 30 99 87 39 9 38 86 91 
38 97 57 68 0 50 84 30 91 18 0 78 56 45 73 92 33 19 36 34 97 95 80 31 
80 11 16 97 22 14 77 7 66 45 78 0 65 55 8 89 32 78 72 71 53 11 88 69 
46 53 38 3 25 44 9 94 93 14 56 65 0 34 34 10 77 95 33 25 12 1 4 92 
65 35 30 39 69 22 55 50 28 29 45 55 34 0 46 7 26 66 82 54 86 77 58 49 
21 2 67 78 10 99 71 24 57 9 73 8 34 46 0 63 9 16 39 48 78 95 49 49 
50 9 29 35 47 30 40 30 11 53 92 89 10 7 63 0 74 45 57 62 5 33 98 58 
83 43 85 42 85 23 89 48 4 30 33 32 77 26 9 74 0 59 84 39 13 49 17 38 
3 49 34 8 94 32 67 46 78 99 19 78 95 66 16 45 59 0 58 92 59 29 5 63 
91 94 22 62 69 90 27 53 78 87 36 72 33 82 39 57 84 58 0 48 11 93 61 67 
72 54 12 33 98 2 7 98 41 39 34 71 25 54 48 62 39 92 48 0 5 30 46 82 
42 9 92 97 50 19 99 90 46 9 97 53 12 86 78 5 13 59 11 5 0 65 17 95 
80 30 25 51 57 12 54 26 96 38 95 11 1 77 95 33 49 29 93 30 65 0 15 21 
49 42 11 8 15 26 73 37 95 86 80 88 4 58 49 98 17 5 61 46 17 15 0 61 
5 66 83 11 21 79 3 70 48 91 31 69 92 49 49 58 38 63 67 82 95 21 61 0 

23 4
23 3 15 17 
0 83 73 18 1 48 24 1 7 31 48 99 96 13 69 99 39 71 69 49 52 57 21 91 
83 0 42 50 13 94 21 30 15 77 13 76 80 40 2 31 99 2 46 35 35 13 5 34 
73 42 0 24 87 40 17 13 55 62 41 1 34 79 79 55 29 6 0 25 92 78 59 46 
18 50 24 0 23 57 29 76 1 50 58 97 5 37 33 29 18 97 86 18 28 42 93 59 
1 13 87 23 0 49 78 56 32 87 42 82 34 3 21 91 91 70 13 64 42 13 89 55 
48 94 40 57 49 0 44 86 51 72 72 71 3 71 11 39 70 13 74 19 6 95 22 28 
24 21 17 29 78 44 0 39 82 97 98 75 77 86 59 26 82 69 10 31 23 83 1 96 
1 30 13 76 56 86 39 0 66 6 70 86 83 46 73 1 82 63 69 44 81 70 70 84 
7 15 55 1 32 51 82 66 0 31 39 58 79 57 77 12 60 29 58 0 98 33 65 10 
31 77 62 50 87 72 97 6 31 0 98 43 3 55 33 35 22 67 95 66 20 37 87 96 
48 13 41 58 42 72 98 70 39 98 0 8 83 81 85 46 58 39 69 54 14 79 7 33 
99 76 1 97 82 71 75 86 58 43 8 0 56 64 26 51 9 91 90 65 87 77 66 90 
96 80 34 5 34 3 77 83 79 3 83 56 0 14 68 86 21 25 33 24 7 16 90 20 
13 40 79 37 3 71 86 46 57 55 81 64 14 0 22 75 32 8 99 65 19 87 96 41 
69 2 79 33 21 11 59 73 77 33 85 26 68 22 0 33 14 6 62 93 5 6 77 10 
99 31 55 29 91 39 26 1 12 35 46 51 86 75 33 0 57 71 73 13 78 85 5 12 
39 99 29 18 91 70 82 82 60 22 58 9 21 32 14 57 0 80 29 65 43 43 26 15 
71 2 6 97 70 13 69 63 29 67 39 91 25 8 6 71 80 0 29 48 34 48 61 97 
69 46 0 86 13 74 10 69 58 95 69 90 33 99 62 73 29 29 0 41 84 47 20 92 
49 35 25 18 64 19 31 44 0 66 54 65 24 65 93 13 65 48 41 0 72 42 79 34 
52 35 92 28 42 6 23 81 98 20 14 87 7 19 5 78 43 34 84 72 0 98 79 11 
57 13 78 42 13 95 83 70 33 37 79 77 16 87 6 85 43 48 47 42 98 0 14 38 
21 5 59 93 89 22 1 70 65 87 7 66 90 96 77 5 26 61 20 79 79 14 0 96 
91 34 46 59 55 28 96 84 10 96 33 90 20 41 10 12 15 97 92 34 11 38 96 0 

23 15
9 19 2 23 3 7 20 18 5 4 21 6 1 10 16 
0 27 61 99 38 38 79 18 98 75 18 50 41 69 65 91 86 92 36 72 76 8 50 51 
27 0 36 88 73 72 82 9 65 97 99 49 62 54 64 58 27 96 89 76 59 30 97 18 
61 36 0 71 16 98 1 39 4 17 10 6 66 99 67 84 51 75 22 11 78 59 82 18 
99 88 71 0 64 99 19 11 6 13 93 49 97 47 56 14 70 12 84 58 4 93 92 55 
38 73 16 64 0 59 33 80 70 95 67 52 60 74 28 67 2 51 46 90 67 40 98 3 
38 72 98 99 59 0 43 87 7 74 33 1 16 72 35 40 68 9 2 27 30 8 21 88 
79 82 1 19 33 43 0 35 23 31 30 28 4 13 28 81 31 34 26 68 25 9 28 12 
18 9 39 11 80 87 35 0 7 29 98 82 57 5 11 97 75 11 49 78 2 55 13 31 
98 65 4 6 70 7 23 7 0 34 65 4 45 43 63 35 69 22 30 37 71 48 52 87 
75 97 17 13 95 74 31 29 34 0 31 99 86 31 46 16 96 18 89 40 94 89 77 50 
18 99 10 93 67 33 30 98 65 31 0 20 35 30 59 70 94 5 39 85 67 70 87 25 
50 49 6 49 52 1 28 82 4 99 20 0 67 91 63 27 32 11 61 72 98 4 9 81 
41 62 66 97 60 16 4 57 45 86 35 67 0 64 71 74 27 39 87 41 78 74 64 44 
69 54 99 47 74 72 13 5 43 31 30 91 64 0 2 82 58 61 89 45 59 2 48 74 
65 64 67 56 28 35 28 11 63 46 59 63 71 2 0 33 95 38 37 73 95 31 42 16 
91 58 84 14 67 40 81 97 35 16 70 27 74 82 33 0 54 19 43 72 31 1 71 88 
86 27 51 70 2 68 31 75 69 96 94 32 27 58 95 54 0 98 31 13 14 3 32 6 
92 96 75 12 51 9 34 11 22 18 5 11 39 61 38 19 98 0 50 39 5 32 92 63 
36 89 22 84 46 2 26 49 30 89 39 61 87 89 37 43 31 50 0 87 17 67 11 46 
72 76 11 58 90 27 68 78 37 40 85 72 41 45 73 72 13 39 87 0 80 84 83 86 
76 59 78 4 67 30 25 2 71 94 67 98 78 59 95 31 14 5 17 80 0 79 86 2 
8 30 59 93 40 8 9 55 48 89 70 4 74 2 31 1 3 32 67 84 79 0 58 0 
50 97 82 92 98 21 28 13 52 77 87 9 64 48 42 71 32 92 11 83 86 58 0 75 
51 18 18 55 3 88 12 31 87 50 25 81 44 74 16 88 6 63 46 86 2 0 75 0 

23 7
6 13 1 20 8 5 11 
0 29 30 67 8 89 41 50 66 9 48 14 15 89 54 17 98 70 97 42 58 70 74 49 
29 0 98 39 74 12 4 36 97 5 54 93 0 63 81 35 36 5 98 99 43 10 48 77 
30 98 0 18 4 57 15 16 92 8 92 35 18 59 99 9 6 56 43 54 98 76 60 25 
67 39 18 0 0 29 21 73 16 25 97 55 19 73 42 45 4 10 9 13 40 15 7 28 
8 74 4 0 0 81 52 52 18 99 67 37 72 70 78 81 50 33 89 74 43 12 41 67 
89 12 57 29 81 0 50 46 26 62 35 37 82 87 3 14 44 27 64 26 88 91 69 44 
41 4 15 21 52 50 0 65 14 51 70 89 2 30 53 28 31 51 4 76 9 42 73 92 
50 36 16 73 52 46 65 0 95 55 36 81 22 65 10 62 81 44 34 81 92 30 67 44 
66 97 92 16 18 26 14 95 0 92 34 29 8 57 4 86 78 35 32 21 68 42 86 97 
9 5 8 25 99 62 51 55 92 0 63 41 98 85 62 2 45 53 78 28 0 13 74 95 
48 54 92 97 67 35 70 36 34 63 0 82 37 74 73 62 68 77 51 91 67 40 14 31 
14 93 35 55 37 37 89 81 29 41 82 0 78 22 16 38 67 89 42 76 43 19 15 98 
15 0 18 19 72 82 2 22 8 98 37 78 0 17 59 84 72 94 78 36 71 83 67 40 
89 63 59 73 70 87 30 65 57 85 74 22 17 0 82 30 75 23 0 60 5 36 56 80 
54 81 99 42 78 3 53 10 4 62 73 16 59 82 0 2 49 62 97 5 40 80 66 79 
17 35 9 45 81 14 28 62 86 2 62 38 84 30 2 0 97 37 63 9 6 31 13 87 
98 36 6 4 50 44 31 81 78 45 68 67 72 75 49 97 0 22 31 95 34 21 35 44 
70 5 56 10 33 27 51 44 35 53 77 89 94 23 62 37 22 0 81 47 92 32 78 14 
97 98 43 9 89 64 4 34 32 78 51 42 78 0 97 63 31 81 0 78 94 4 17 58 
42 99 54 13 74 26 76 81 21 28 91 76 36 60 5 9 95 47 78 0 21 12 10 67 
58 43 98 40 43 88 9 92 68 0 67 43 71 5 40 6 34 92 94 21 0 55 9 27 
70 10 76 15 12 91 42 30 42 13 40 19 83 36 80 31 21 32 4 12 55 0 56 44 
74 48 60 7 41 69 73 67 86 74 14 15 67 56 66 13 35 78 17 10 9 56 0 57 
49 77 25 28 67 44 92 44 97 95 31 98 40 80 79 87 44 14 58 67 27 44 57 0 

23 10
15 20 7 16 5 3 8 22 2 23 
0 25 42 86 86 69 64 26 94 61 52 28 20 38 95 54 97 14 38 32 52 24 72 0 
25 0 61 81 83 75 28 58 77 2 90 38 65 79 20 61 45 70 83 59 45 15 89 90 
42 61 0 27 18 7 62 45 82 78 95 52 24 71 59 25 31 51 14 95 62 72 39 96 
86 81 27 0 58 52 8 5 82 52 57 45 18 88 4 54 35 98 57 65 48 96 25 48 
86 83 18 58 0 26 19 59 21 66 62 22 1 80 85 68 6 17 73 85 59 14 25 45 
69 75 7 52 26 0 83 89 49 63 45 92 18 49 86 32 5 77 48 73 86 63 68 3 
64 28 62 8 19 83 0 19 66 56 94 69 41 60 99 95 70 50 14 14 9 12 96 10 
26 58 45 5 59 89 19 0 48 14 26 43 8 49 81 82 36 56 42 7 81 13 78 40 
94 77 82 82 21 49 66 48 0 17 40 94 29 58 53 88 32 12 75 33 75 39 54 44 
61 2 78 52 66 63 56 14 17 0 64 82 74 9 85 88 54 79 43 33 72 21 97 95 
52 90 95 57 62 45 94 26 40 64 0 61 19 2 12 97 41 83 19 57 20 42 14 83 
28 38 52 45 22 92 69 43 94 82 61 0 33 52 98 85 8 58 90 24 1 13 99 75 
20 65 24 18 1 18 41 8 29 74 19 33 0 47 23 13 31 65 90 16 67 31 28 54 
38 79 71 88 80 49 60 49 58 9 2 52 47 0 27 63 25 24 45 36 29 52 60 52 
95 20 59 4 85 86 99 81 53 85 12 98 23 27 0 14 49 20 80 78 43 86 38 89 
54 61 25 54 68 32 95 82 88 88 97 85 13 63 14 0 7 78 92 83 95 79 64 61 
97 45 31 35 6 5 70 36 32 54 41 8 31 25 49 7 0 15 64 29 59 83 22 87 
14 70 51 98 17 77 50 56 12 79 83 58 65 24 20 78 15 0 77 97 65 99 87 27 
38 83 14 57 73 48 14 42 75 43 19 90 90 45 80 92 64 77 0 83 6 55 86 63 
32 59 95 65 85 73 14 7 33 33 57 24 16 36 78 83 29 97 83 0 53 5 78 23 
52 45 62 48 59 86 9 81 75 72 20 1 67 29 43 95 59 65 6 53 0 71 19 26 
24 15 72 96 14 63 12 13 39 21 42 13 31 52 86 79 83 99 55 5 71 0 87 38 
72 89 39 25 25 68 96 78 54 97 14 99 28 60 38 64 22 87 86 78 19 87 0 3 
0 90 96 48 45 3 10 40 44 95 83 75 54 52 89 61 87 27 63 23 26 38 3 0 

23 11
1 20 3 16 7 8 17 4 10 12 11 
0 29 47 55 43 85 14 51 13 78 58 88 62 46 82 8 64 71 59 49 98 96 88 71 
29 0 85 31 38 87 79 71 87 39 62 51 39 65 49 80 78 77 80 95 61 54 33 66 
47 85 0 44 97 16 8 8 33 67 41 23 9 35 44 41 76 72 6 97 7 11 32 82 
55 31 44 0 52 74 32 8 10 61 1 60 10 73 71 27 9 10 59 74 61 70 85 0 
43 38 97 52 0 18 96 5 21 17 54 83 44 79 8 70 39 93 59 0 86 13 11 72 
85 87 16 74 18 0 38 1 16 19 41 87 71 48 4 24 61 39 81 79 72 68 50 31 
14 79 8 32 96 38 0 27 5 42 85 13 60 19 40 50 86 30 2 10 13 72 3 3 
51 71 8 8 5 1 27 0 32 13 65 58 52 27 27 17 36 60 56 48 87 97 77 46 
13 87 33 10 21 16 5 32 0 67 77 92 95 46 70 80 16 76 19 64 63 91 89 35 
78 39 67 61 17 19 42 13 67 0 62 87 19 34 95 22 23 38 14 80 55 22 43 61 
58 62 41 1 54 41 85 65 77 62 0 22 56 10 96 64 8 37 12 23 45 29 87 5 
88 51 23 60 83 87 13 58 92 87 22 0 29 89 94 99 2 93 47 0 98 27 50 55 
62 39 9 10 44 71 60 52 95 19 56 29 0 35 44 15 77 35 81 74 57 4 44 37 
46 65 35 73 79 48 19 27 46 34 10 89 35 0 79 81 15 55 80 36 37 50 32 80 
82 49 44 71 8 4 40 27 70 95 96 94 44 79 0 85 71 4 43 56 90 34 85 65 
8 80 41 27 70 24 50 17 80 22 64 99 15 81 85 0 24 4 5 43 1 66 76 71 
64 78 76 9 39 61 86 36 16 23 8 2 77 15 71 24 0 55 93 95 89 98 26 87 
71 77 72 10 93 39 30 60 76 38 37 93 35 55 4 4 55 0 66 70 90 25 44 87 
59 80 6 59 59 81 2 56 19 14 12 47 81 80 43 5 93 66 0 76 41 22 16 36 
49 95 97 74 0 79 10 48 64 80 23 0 74 36 56 43 95 70 76 0 66 82 10 47 
98 61 7 61 86 72 13 87 63 55 45 98 57 37 90 1 89 90 41 66 0 35 21 65 
96 54 11 70 13 68 72 97 91 22 29 27 4 50 34 66 98 25 22 82 35 0 29 94 
88 33 32 85 11 50 3 77 89 43 87 50 44 32 85 76 26 44 16 10 21 29 0 19 
71 66 82 0 72 31 3 46 35 61 5 55 37 80 65 71 87 87 36 47 65 94 19 0 

23 5
21 14 6 16 11 
0 12 91 18 89 66 93 2 64 31 98 92 41 64 25 59 44 25 97 28 18 68 24 84 
12 0 88 42 23 60 58 67 89 18 47 45 31 43 16 22 89 61 80 51 42 90 32 9 
91 88 0 65 56 28 29 35 8 87 44 18 77 51 94 33 22 9 93 97 81 52 70 53 
18 42 65 0 59 44 67 85 9 99 16 2 49 84 96 98 49 40 25 94 5 14 76 54 
89 23 56 59 0 97 54 66 28 42 51 14 9 50 51 24 25 99 44 54 22 1 28 87 
66 60 28 44 97 0 92 40 57 17 29 28 91 82 84 93 59 94 8 83 90 17 15 78 
93 58 29 67 54 92 0 88 88 40 67 79 27 78 3 59 69 39 2 28 35 30 84 43 
2 67 35 85 66 40 88 0 76 97 68 2 55 82 10 51 87 97 11 83 7 23 60 48 
64 89 8 9 28 57 88 76 0 97 6 12 69 70 22 50 36 33 48 71 75 1 86 97 
31 18 87 99 42 17 40 97 97 0 58 65 98 86 72 58 16 25 0 59 8 73 5 18 
98 47 44 16 51 29 67 68 6 58 0 17 37 27 47 0 23 77 2 60 90 64 74 70 
92 45 18 2 14 28 79 2 12 65 17 0 48 16 17 69 19 66 40 81 29 42 59 7 
41 31 77 49 9 91 27 55 69 98 37 48 0 57 16 18 93 82 15 55 43 77 53 53 
64 43 51 84 50 82 78 82 70 86 27 16 57 0 73 86 63 26 15 1 20 84 36 29 
25 16 94 96 51 84 3 10 22 72 47 17 16 73 0 88 70 87 54 0 29 82 17 84 
59 22 33 98 24 93 59 51 50 58 0 69 18 86 88 0 95 44 24 10 69 73 57 62 
44 89 22 49 25 59 69 87 36 16 23 19 93 63 70 95 0 16 2 71 35 82 6 68 
25 61 9 40 99 94 39 97 33 25 77 66 82 26 87 44 16 0 58 95 61 3 93 56 
97 80 93 25 44 8 2 11 48 0 2 40 15 15 54 24 2 58 0 94 27 63 4 28 
28 51 97 94 54 83 28 83 71 59 60 81 55 1 0 10 71 95 94 0 41 22 76 19 
18 42 81 5 22 90 35 7 75 8 90 29 43 20 29 69 35 61 27 41 0 38 14 45 
68 90 52 14 1 17 30 23 1 73 64 42 77 84 82 73 82 3 63 22 38 0 14 8 
24 32 70 76 28 15 84 60 86 5 74 59 53 36 17 57 6 93 4 76 14 14 0 98 
84 9 53 54 87 78 43 48 97 18 70 7 53 29 84 62 68 56 28 19 45 8 98 0 

23 7
20 22 9 19 21 5 2 
0 70 34 75 64 60 38 85 56 45 33 68 60 48 74 22 90 43 73 91 34 24 22 60 
70 0 14 44 74 78 97 11 37 44 70 33 43 13 50 57 97 58 81 37 55 80 34 15 
34 14 0 15 3 9 87 32 52 38 6 22 33 74 7 48 42 85 32 56 23 75 4 35 
75 44 15 0 9 48 88 43 95 56 61 61 99 9 85 44 21 78 81 90 68 20 39 60 
64 74 3 9 0 95 44 84 28 64 36 63 25 85 65 66 46 79 43 85 61 68 35 33 
60 78 9 48 95 0 12 84 77 65 75 41 41 5 4 88 29 49 3 72 22 0 78 38 
38 97 87 88 44 12 0 7 99 74 54 71 12 69 46 86 96 43 73 80 37 15 28 87 
85 11 32 43 84 84 7 0 77 82 5 59 49 44 60 64 58 52 59 38 34 87 41 18 
56 37 52 95 28 77 99 77 0 59 25 19 93 9 30 75 18 57 72 59 25 54 2 47 
45 44 38 56 64 65 74 82 59 0 51 87 2 87 18 0 13 27 5 71 91 8 66 19 
33 70 6 61 36 75 54 5 25 51 0 30 64 68 93 95 59 99 9 76 90 10 80 41 
68 33 22 61 63 41 71 59 19 87 30 0 32 20 52 66 96 56 53 63 13 20 95 55 
60 43 33 99 25 41 12 49 93 2 64 32 0 22 22 81 60 63 68 46 91 60 29 7 
48 13 74 9 85 5 69 44 9 87 68 20 22 0 56 5 85 61 16 90 43 85 99 2 
74 50 7 85 65 4 46 60 30 18 93 52 22 56 0 19 1 58 60 39 77 57 65 87 
22 57 48 44 66 88 86 64 75 0 95 66 81 5 19 0 64 87 73 80 86 14 68 54 
90 97 42 21 46 29 96 58 18 13 59 96 60 85 1 64 0 96 3 53 94 18 3 39 
43 58 85 78 79 49 43 52 57 27 99 56 63 61 58 87 96 0 31 96 20 9 5 3 
73 81 32 81 43 3 73 59 72 5 9 53 68 16 60 73 3 31 0 95 52 20 24 74 
91 37 56 90 85 72 80 38 59 71 76 63 46 90 39 80 53 96 95 0 78 35 80 63 
34 55 23 68 61 22 37 34 25 91 90 13 91 43 77 86 94 20 52 78 0 78 24 51 
24 80 75 20 68 0 15 87 54 8 10 20 60 85 57 14 18 9 20 35 78 0 95 47 
22 34 4 39 35 78 28 41 2 66 80 95 29 99 65 68 3 5 24 80 24 95 0 85 
60 15 35 60 33 38 87 18 47 19 41 55 7 2 87 54 39 3 74 63 51 47 85 0 

23 8
23 18 2 9 4 1 16 8 
0 57 77 71 51 52 83 76 64 58 89 98 18 68 17 86 63 21 44 7 58 85 85 8 
57 0 69 5 70 14 84 20 87 23 79 53 67 37 65 10 73 14 81 20 60 97 23 52 
77 69 0 8 63 47 76 65 20 89 91 36 13 80 9 44 23 63 99 18 17 99 68 37 
71 5 8 0 22 14 81 76 74 77 55 20 1 56 46 5 3 20 92 69 22 98 84 88 
51 70 63 22 0 17 38 27 58 94 31 31 49 4 57 15 11 35 19 53 72 24 73 89 
52 14 47 14 17 0 76 25 9 63 7 18 89 14 15 23 92 57 52 50 29 3 47 67 
83 84 76 81 38 76 0 54 35 0 88 19 17 89 19 47 36 76 84 21 20 18 29 43 
76 20 65 76 27 25 54 0 15 67 60 67 93 38 24 15 30 6 38 51 10 31 15 72 
64 87 20 74 58 9 35 15 0 95 74 64 43 18 55 95 91 60 69 10 56 87 37 85 
58 23 89 77 94 63 0 67 95 0 49 14 37 92 47 5 84 15 51 66 46 59 6 46 
89 79 91 55 31 7 88 60 74 49 0 41 58 43 89 40 50 82 6 9 50 69 1 14 
98 53 36 20 31 18 19 67 64 14 41 0 94 68 86 57 42 91 7 88 32 27 50 40 
18 67 13 1 49 89 17 93 43 37 58 94 0 91 65 50 41 79 82 93 71 86 17 87 
68 37 80 56 4 14 89 38 18 92 43 68 91 0 81 44 56 29 31 13 43 80 48 16 
17 65 9 46 57 15 19 24 55 47 89 86 65 81 0 75 9 26 40 93 99 92 6 43 
86 10 44 5 15 23 47 15 95 5 40 57 50 44 75 0 36 1 61 84 6 51 92 9 
63 73 23 3 11 92 36 30 91 84 50 42 41 56 9 36 0 89 92 62 25 81 14 76 
21 14 63 20 35 57 76 6 60 15 82 91 79 29 26 1 89 0 9 31 74 82 9 1 
44 81 99 92 19 52 84 38 69 51 6 7 82 31 40 61 92 9 0 58 8 30 40 59 
7 20 18 69 53 50 21 51 10 66 9 88 93 13 93 84 62 31 58 0 6 48 29 2 
58 60 17 22 72 29 20 10 56 46 50 32 71 43 99 6 25 74 8 6 0 11 29 20 
85 97 99 98 24 3 18 31 87 59 69 27 86 80 92 51 81 82 30 48 11 0 17 68 
85 23 68 84 73 47 29 15 37 6 1 50 17 48 6 92 14 9 40 29 29 17 0 41 
8 52 37 88 89 67 43 72 85 46 14 40 87 16 43 9 76 1 59 2 20 68 41 0 

23 7
2 21 3 16 5 8 7 
0 12 73 72 20 89 48 33 74 12 52 46 24 7 30 6 60 71 13 51 16 46 72 17 
12 0 16 95 57 87 39 80 33 62 73 74 18 86 72 17 60 48 9 3 63 58 83 62 
73 16 0 66 87 99 78 2 51 90 37 31 90 88 23 64 41 5 47 17 81 19 51 5 
72 95 66 0 28 53 20 18 80 38 21 67 79 78 66 41 41 45 58 45 80 42 34 5 
20 57 87 28 0 86 64 65 50 78 98 20 11 68 22 79 0 99 28 86 46 92 62 3 
89 87 99 53 86 0 51 69 17 49 30 70 86 27 17 76 66 75 47 68 11 56 29 10 
48 39 78 20 64 51 0 17 99 88 94 58 41 71 13 3 16 87 69 87 77 87 64 13 
33 80 2 18 65 69 17 0 14 85 11 78 32 79 54 52 86 92 61 43 66 99 29 23 
74 33 51 80 50 17 99 14 0 85 15 56 63 71 84 4 33 49 2 63 50 15 23 12 
12 62 90 38 78 49 88 85 85 0 29 42 24 2 80 42 9 98 16 98 10 40 91 69 
52 73 37 21 98 30 94 11 15 29 0 63 31 95 13 54 62 41 23 96 94 87 5 18 
46 74 31 67 20 70 58 78 56 42 63 0 25 15 84 96 81 74 71 25 95 82 13 57 
24 18 90 79 11 86 41 32 63 24 31 25 0 40 53 11 43 50 66 57 85 92 49 79 
7 86 88 78 68 27 71 79 71 2 95 15 40 0 14 91 59 42 56 49 96 57 17 23 
30 72 23 66 22 17 13 54 84 80 13 84 53 14 0 54 69 80 63 43 71 21 85 15 
6 17 64 41 79 76 3 52 4 42 54 96 11 91 54 0 13 45 28 35 6 19 82 86 
60 60 41 41 0 66 16 86 33 9 62 81 43 59 69 13 0 16 1 32 22 40 27 79 
71 48 5 45 99 75 87 92 49 98 41 74 50 42 80 45 16 0 83 51 39 59 53 99 
13 9 47 58 28 47 69 61 2 16 23 71 66 56 63 28 1 83 0 76 82 15 54 25 
51 3 17 45 86 68 87 43 63 98 96 25 57 49 43 35 32 51 76 0 54 65 69 39 
16 63 81 80 46 11 77 66 50 10 94 95 85 96 71 6 22 39 82 54 0 93 98 69 
46 58 19 42 92 56 87 99 15 40 87 82 92 57 21 19 40 59 15 65 93 0 63 42 
72 83 51 34 62 29 64 29 23 91 5 13 49 17 85 82 27 53 54 69 98 63 0 71 
17 62 5 5 3 10 13 23 12 69 18 57 79 23 15 86 79 99 25 39 69 42 71 0 

23 14
23 22 16 6 11 8 20 4 5 18 10 1 7 19 
0 78 60 39 75 14 60 18 84 77 27 72 22 23 97 59 90 36 32 83 33 82 59 83 
78 0 15 64 5 48 0 57 94 17 71 52 59 69 71 58 87 18 2 47 55 51 84 6 
60 15 0 75 77 18 91 59 83 98 59 77 16 8 22 28 10 54 58 10 36 80 16 51 
39 64 75 0 77 94 84 54 88 99 23 78 37 44 41 54 26 2 29 21 63 28 12 42 
75 5 77 77 0 64 18 17 71 4 99 72 1 3 58 74 8 86 69 97 85 55 10 14 
14 48 18 94 64 0 6 77 75 79 42 17 20 36 22 50 77 85 48 96 11 70 6 95 
60 0 91 84 18 6 0 59 31 63 56 22 91 83 13 99 41 36 45 55 76 78 67 52 
18 57 59 54 17 77 59 0 89 7 56 70 71 3 93 98 68 84 27 93 43 22 62 5 
84 94 83 88 71 75 31 89 0 20 44 93 27 33 23 60 89 15 51 36 34 66 3 8 
77 17 98 99 4 79 63 7 20 0 53 18 53 9 55 65 92 83 38 86 55 67 26 85 
27 71 59 23 99 42 56 56 44 53 0 47 49 82 23 72 39 53 57 13 9 63 83 50 
72 52 77 78 72 17 22 70 93 18 47 0 41 44 58 87 70 23 55 76 89 31 80 68 
22 59 16 37 1 20 91 71 27 53 49 41 0 88 11 42 15 30 88 89 76 57 10 23 
23 69 8 44 3 36 83 3 33 9 82 44 88 0 51 14 0 79 8 95 52 22 76 63 
97 71 22 41 58 22 13 93 23 55 23 58 11 51 0 7 86 46 72 5 39 43 91 2 
59 58 28 54 74 50 99 98 60 65 72 87 42 14 7 0 71 87 28 18 22 65 5 63 
90 87 10 26 8 77 41 68 89 92 39 70 15 0 86 71 0 57 37 24 48 20 80 89 
36 18 54 2 86 85 36 84 15 83 53 23 30 79 46 87 57 0 52 84 84 3 73 20 
32 2 58 29 69 48 45 27 51 38 57 55 88 8 72 28 37 52 0 79 80 45 48 95 
83 47 10 21 97 96 55 93 36 86 13 76 89 95 5 18 24 84 79 0 31 81 75 4 
33 55 36 63 85 11 76 43 34 55 9 89 76 52 39 22 48 84 80 31 0 97 73 38 
82 51 80 28 55 70 78 22 66 67 63 31 57 22 43 65 20 3 45 81 97 0 41 32 
59 84 16 12 10 6 67 62 3 26 83 80 10 76 91 5 80 73 48 75 73 41 0 18 
83 6 51 42 14 95 52 5 8 85 50 68 23 63 2 63 89 20 95 4 38 32 18 0 

23 9
13 3 5 18 8 6 17 10 22 
0 82 22 87 18 96 1 98 45 97 46 1 68 30 17 53 38 41 7 38 88 59 39 86 
82 0 47 5 84 21 21 64 64 47 28 98 21 53 3 43 39 30 67 78 60 97 93 61 
22 47 0 16 56 3 16 89 21 72 92 2 69 98 45 47 77 83 2 30 41 76 1 42 
87 5 16 0 29 71 88 82 7 11 13 12 23 54 0 87 98 27 86 58 46 21 34 16 
18 84 56 29 0 99 9 9 61 54 80 26 28 75 61 65 68 93 94 8 56 11 21 88 
96 21 3 71 99 0 66 7 72 18 91 94 90 85 74 79 44 69 19 9 32 15 53 51 
1 21 16 88 9 66 0 91 39 68 55 15 48 27 31 46 78 6 76 86 10 19 90 30 
98 64 89 82 9 7 91 0 27 36 2 0 64 54 67 81 16 49 6 7 53 96 73 46 
45 64 21 7 61 72 39 27 0 86 31 51 2 16 96 18 9 27 80 79 84 50 35 63 
97 47 72 11 54 18 68 36 86 0 97 32 54 16 57 23 81 94 27 43 72 80 46 57 
46 28 92 13 80 91 55 2 31 97 0 40 50 83 22 41 60 35 47 78 59 59 70 37 
1 98 2 12 26 94 15 0 51 32 40 0 92 41 42 12 11 85 29 81 1 74 30 7 
68 21 69 23 28 90 48 64 2 54 50 92 0 0 51 27 2 25 85 82 41 0 14 32 
30 53 98 54 75 85 27 54 16 16 83 41 0 0 18 18 56 95 74 16 38 88 43 59 
17 3 45 0 61 74 31 67 96 57 22 42 51 18 0 8 57 96 64 49 57 77 84 89 
53 43 47 87 65 79 46 81 18 23 41 12 27 18 8 0 37 45 2 65 32 33 82 81 
38 39 77 98 68 44 78 16 9 81 60 11 2 56 57 37 0 95 26 31 20 79 18 45 
41 30 83 27 93 69 6 49 27 94 35 85 25 95 96 45 95 0 91 18 15 11 48 8 
7 67 2 86 94 19 76 6 80 27 47 29 85 74 64 2 26 91 0 53 71 53 46 63 
38 78 30 58 8 9 86 7 79 43 78 81 82 16 49 65 31 18 53 0 44 74 92 10 
88 60 41 46 56 32 10 53 84 72 59 1 41 38 57 32 20 15 71 44 0 15 44 21 
59 97 76 21 11 15 19 96 50 80 59 74 0 88 77 33 79 11 53 74 15 0 54 23 
39 93 1 34 21 53 90 73 35 46 70 30 14 43 84 82 18 48 46 92 44 54 0 16 
86 61 42 16 88 51 30 46 63 57 37 7 32 59 89 81 45 8 63 10 21 23 16 0 

23 10
2 1 23 10 7 9 20 14 8 6 
0 55 18 45 23 77 63 50 77 45 63 44 70 92 0 83 20 58 44 11 44 89 51 53 
55 0 31 80 34 28 4 57 79 50 80 88 49 57 97 19 4 68 17 90 39 91 63 98 
18 31 0 14 18 72 95 51 31 43 52 53 62 64 40 47 63 91 35 83 70 65 98 42 
45 80 14 0 82 84 4 52 13 83 94 98 21 58 37 56 81 7 7 82 30 26 80 20 
23 34 18 82 0 29 36 32 0 45 42 92 40 54 95 13 76 89 92 76 83 42 91 47 
77 28 72 84 29 0 27 45 15 97 50 70 5 3 17 17 29 90 87 65 32 73 7 24 
63 4 95 4 36 27 0 14 23 55 4 9 66 45 33 25 89 24 8 56 91 32 44 94 
50 57 51 52 32 45 14 0 13 36 95 73 97 9 92 10 58 39 16 3 57 35 19 22 
77 79 31 13 0 15 23 13 0 21 80 81 80 23 60 55 72 41 23 33 19 29 96 5 
45 50 43 83 45 97 55 36 21 0 15 42 40 65 92 27 64 81 87 31 43 20 59 42 
63 80 52 94 42 50 4 95 80 15 0 48 67 26 98 70 17 17 90 81 98 44 40 26 
44 88 53 98 92 70 9 73 81 42 48 0 42 4 37 23 28 39 40 77 20 6 16 83 
70 49 62 21 40 5 66 97 80 40 67 42 0 6 91 38 24 19 86 59 10 47 59 14 
92 57 64 58 54 3 45 9 23 65 26 4 6 0 65 17 61 86 4 6 57 43 82 79 
0 97 40 37 95 17 33 92 60 92 98 37 91 65 0 51 84 93 30 90 2 77 20 83 
83 19 47 56 13 17 25 10 55 27 70 23 38 17 51 0 44 58 7 70 83 61 79 65 
20 4 63 81 76 29 89 58 72 64 17 28 24 61 84 44 0 60 97 59 48 48 35 46 
58 68 91 7 89 90 24 39 41 81 17 39 19 86 93 58 60 0 3 75 76 56 64 38 
44 17 35 7 92 87 8 16 23 87 90 40 86 4 30 7 97 3 0 5 79 39 16 50 
11 90 83 82 76 65 56 3 33 31 81 77 59 6 90 70 59 75 5 0 74 38 25 80 
44 39 70 30 83 32 91 57 19 43 98 20 10 57 2 83 48 76 79 74 0 81 22 55 
89 91 65 26 42 73 32 35 29 20 44 6 47 43 77 61 48 56 39 38 81 0 98 99 
51 63 98 80 91 7 44 19 96 59 40 16 59 82 20 79 35 64 16 25 22 98 0 13 
53 98 42 20 47 24 94 22 5 42 26 83 14 79 83 65 46 38 50 80 55 99 13 0 

23 14
7 5 20 21 13 2 16 14 12 3 9 17 1 23 
0 49 75 86 93 29 65 59 63 73 97 89 70 27 49 86 30 19 90 46 66 98 44 49 
49 0 39 49 1 52 11 40 23 91 93 1 32 77 78 34 21 13 10 6 83 77 25 76 
75 39 0 22 65 84 13 19 0 3 16 26 7 46 13 97 83 89 19 5 82 73 59 43 
86 49 22 0 19 97 17 74 35 37 94 75 72 71 29 37 88 80 39 57 87 5 78 67 
93 1 65 19 0 70 19 97 27 20 57 42 26 47 6 23 20 84 87 55 39 61 78 48 
29 52 84 97 70 0 55 40 88 68 50 44 46 13 43 3 60 80 6 59 84 83 6 27 
65 11 13 17 19 55 0 41 87 88 71 54 80 91 57 39 6 82 26 71 62 26 11 1 
59 40 19 74 97 40 41 0 3 89 1 69 47 68 29 11 46 48 74 71 57 62 56 79 
63 23 0 35 27 88 87 3 0 85 0 69 18 55 5 36 30 41 36 11 6 58 68 75 
73 91 3 37 20 68 88 89 85 0 82 6 73 58 19 53 74 43 46 13 49 37 33 56 
97 93 16 94 57 50 71 1 0 82 0 79 91 55 29 85 42 86 8 32 58 59 17 8 
89 1 26 75 42 44 54 69 69 6 79 0 51 13 1 58 34 2 83 47 99 75 34 5 
70 32 7 72 26 46 80 47 18 73 91 51 0 2 50 32 24 99 91 72 94 28 4 86 
27 77 46 71 47 13 91 68 55 58 55 13 2 0 81 66 34 23 26 39 58 8 56 74 
49 78 13 29 6 43 57 29 5 19 29 1 50 81 0 13 95 30 66 25 88 22 46 60 
86 34 97 37 23 3 39 11 36 53 85 58 32 66 13 0 11 67 70 18 12 34 42 59 
30 21 83 88 20 60 6 46 30 74 42 34 24 34 95 11 0 97 21 56 62 44 53 88 
19 13 89 80 84 80 82 48 41 43 86 2 99 23 30 67 97 0 66 79 98 40 8 49 
90 10 19 39 87 6 26 74 36 46 8 83 91 26 66 70 21 66 0 17 18 14 15 90 
46 6 5 57 55 59 71 71 11 13 32 47 72 39 25 18 56 79 17 0 78 91 64 7 
66 83 82 87 39 84 62 57 6 49 58 99 94 58 88 12 62 98 18 78 0 68 91 36 
98 77 73 5 61 83 26 62 58 37 59 75 28 8 22 34 44 40 14 91 68 0 10 56 
44 25 59 78 78 6 11 56 68 33 17 34 4 56 46 42 53 8 15 64 91 10 0 67 
49 76 43 67 48 27 1 79 75 56 8 5 86 74 60 59 88 49 90 7 36 56 67 0 

23 4
4 23 10 5 
0 34 5 30 19 20 40 2 77 80 51 0 56 27 48 52 82 44 9 85 64 86 3 25 
34 0 40 0 62 91 31 58 84 16 80 68 60 75 4 20 27 22 1 0 41 39 41 53 
5 40 0 35 47 33 14 53 11 27 79 67 68 37 63 89 25 95 64 88 68 63 75 41 
30 0 35 0 50 1 46 81 22 11 75 47 20 41 44 64 95 21 15 57 91 9 57 96 
19 62 47 50 0 41 81 30 58 83 20 85 33 8 43 19 41 62 37 21 13 61 7 27 
20 91 33 1 41 0 99 99 23 87 14 19 53 31 1 28 26 49 56 60 53 45 67 77 
40 31 14 46 81 99 0 49 16 11 55 40 8 78 51 25 59 75 61 4 86 58 97 28 
2 58 53 81 30 99 49 0 87 14 25 96 47 0 27 15 30 2 49 49 84 82 47 2 
77 84 11 22 58 23 16 87 0 70 7 8 97 2 25 6 71 85 88 20 11 31 37 38 
80 16 27 11 83 87 11 14 70 0 42 36 63 99 21 81 32 50 82 17 44 48 28 76 
51 80 79 75 20 14 55 25 7 42 0 77 30 7 71 21 97 95 54 91 62 2 14 32 
0 68 67 47 85 19 40 96 8 36 77 0 27 4 42 70 20 31 21 91 63 85 71 0 
56 60 68 20 33 53 8 47 97 63 30 27 0 21 46 6 62 37 88 87 66 82 96 46 
27 75 37 41 8 31 78 0 2 99 7 4 21 0 44 80 94 75 10 68 90 87 18 11 
48 4 63 44 43 1 51 27 25 21 71 42 46 44 0 51 35 27 77 83 27 70 71 40 
52 20 89 64 19 28 25 15 6 81 21 70 6 80 51 0 8 60 6 96 40 41 3 31 
82 27 25 95 41 26 59 30 71 32 97 20 62 94 35 8 0 15 23 90 26 12 93 22 
44 22 95 21 62 49 75 2 85 50 95 31 37 75 27 60 15 0 14 61 19 91 40 4 
9 1 64 15 37 56 61 49 88 82 54 21 88 10 77 6 23 14 0 63 26 40 58 78 
85 0 88 57 21 60 4 49 20 17 91 91 87 68 83 96 90 61 63 0 29 84 54 29 
64 41 68 91 13 53 86 84 11 44 62 63 66 90 27 40 26 19 26 29 0 28 13 32 
86 39 63 9 61 45 58 82 31 48 2 85 82 87 70 41 12 91 40 84 28 0 88 60 
3 41 75 57 7 67 97 47 37 28 14 71 96 18 71 3 93 40 58 54 13 88 0 6 
25 53 41 96 27 77 28 2 38 76 32 0 46 11 40 31 22 4 78 29 32 60 6 0 

