20

3 1
2 
0 79 47 17 
79 0 38 97 
47 38 0 87 
17 97 87 0 

3 3
2 3 1 
0 53 95 97 
53 0 67 80 
95 67 0 66 
97 80 66 0 

3 2
1 2 
0 86 67 79 
86 0 6 95 
67 6 0 23 
79 95 23 0 

3 1
1 
0 27 77 82 
27 0 62 62 
77 62 0 68 
82 62 68 0 

3 1
2 
0 6 57 70 
6 0 99 71 
57 99 0 81 
70 71 81 0 

3 1
1 
0 90 64 95 
90 0 51 69 
64 51 0 58 
95 69 58 0 

3 3
1 3 2 
0 80 15 76 
80 0 24 6 
15 24 0 25 
76 6 25 0 

3 1
1 
0 17 43 18 
17 0 1 40 
43 1 0 79 
18 40 79 0 

3 3
3 2 1 
0 43 20 53 
43 0 27 5 
20 27 0 25 
53 5 25 0 

3 1
2 
0 73 60 5 
73 0 17 36 
60 17 0 71 
5 36 71 0 

3 2
2 3 
0 69 50 71 
69 0 63 16 
50 63 0 37 
71 16 37 0 

3 1
2 
0 95 21 69 
95 0 17 76 
21 17 0 96 
69 76 96 0 

3 3
2 3 1 
0 68 89 80 
68 0 15 63 
89 15 0 6 
80 63 6 0 

3 1
2 
0 47 27 68 
47 0 72 13 
27 72 0 68 
68 13 68 0 

3 2
3 1 
0 85 99 46 
85 0 81 9 
99 81 0 62 
46 9 62 0 

3 3
2 1 3 
0 10 62 39 
10 0 53 1 
62 53 0 10 
39 1 10 0 

3 1
2 
0 14 50 80 
14 0 82 60 
50 82 0 16 
80 60 16 0 

3 2
3 2 
0 52 8 94 
52 0 19 94 
8 19 0 8 
94 94 8 0 

3 3
3 2 1 
0 0 34 36 
0 0 30 98 
34 30 0 77 
36 98 77 0 

3 1
3 
0 86 4 20 
86 0 21 59 
4 21 0 5 
20 59 5 0 

