20

19 5
9 15 8 2 19 
0 89 65 87 25 23 97 69 79 34 28 55 94 57 15 61 56 21 81 28 
89 0 41 24 34 8 82 45 83 62 15 82 77 58 82 86 43 69 76 61 
65 41 0 92 43 69 71 46 90 80 6 84 34 1 30 57 92 74 31 40 
87 24 92 0 90 25 64 88 5 56 98 58 75 92 31 74 44 60 18 50 
25 34 43 90 0 76 26 61 95 42 28 35 5 92 65 36 6 47 99 6 
23 8 69 25 76 0 23 22 4 21 66 27 81 67 49 50 39 19 88 99 
97 82 71 64 26 23 0 62 37 87 59 29 67 71 90 55 82 43 4 0 
69 45 46 88 61 22 62 0 75 87 71 55 41 51 21 72 17 2 67 55 
79 83 90 5 95 4 37 75 0 14 82 74 51 35 33 17 58 30 31 80 
34 62 80 56 42 21 87 87 14 0 78 50 19 80 45 93 28 73 62 24 
28 15 6 98 28 66 59 71 82 78 0 60 69 3 29 40 50 44 84 71 
55 82 84 58 35 27 29 55 74 50 60 0 99 98 62 61 79 93 66 73 
94 77 34 75 5 81 67 41 51 19 69 99 0 8 11 9 10 56 62 2 
57 58 1 92 92 67 71 51 35 80 3 98 8 0 75 78 62 35 22 12 
15 82 30 31 65 49 90 21 33 45 29 62 11 75 0 32 87 42 28 91 
61 86 57 74 36 50 55 72 17 93 40 61 9 78 32 0 97 2 50 20 
56 43 92 44 6 39 82 17 58 28 50 79 10 62 87 97 0 73 98 69 
21 69 74 60 47 19 43 2 30 73 44 93 56 35 42 2 73 0 45 67 
81 76 31 18 99 88 4 67 31 62 84 66 62 22 28 50 98 45 0 58 
28 61 40 50 6 99 0 55 80 24 71 73 2 12 91 20 69 67 58 0 

19 13
14 2 4 13 16 9 7 6 1 11 5 17 8 
0 62 95 13 69 27 21 34 22 87 98 97 69 42 20 48 75 32 16 22 
62 0 5 55 84 83 0 58 59 4 93 97 53 22 28 86 26 45 73 28 
95 5 0 93 60 80 39 19 88 22 12 74 39 26 34 75 91 14 14 54 
13 55 93 0 44 82 75 60 11 14 67 97 42 80 4 94 69 35 14 38 
69 84 60 44 0 14 96 10 56 8 25 3 76 61 67 72 84 51 29 27 
27 83 80 82 14 0 59 99 12 42 60 62 4 68 84 75 72 19 73 57 
21 0 39 75 96 59 0 97 40 88 70 33 20 47 38 51 51 8 19 39 
34 58 19 60 10 99 97 0 38 6 57 35 31 98 77 45 21 42 23 2 
22 59 88 11 56 12 40 38 0 61 98 38 33 84 8 50 88 75 57 36 
87 4 22 14 8 42 88 6 61 0 51 69 63 68 54 85 54 68 5 80 
98 93 12 67 25 60 70 57 98 51 0 6 5 88 53 63 73 94 37 44 
97 97 74 97 3 62 33 35 38 69 6 0 44 15 61 20 47 46 16 54 
69 53 39 42 76 4 20 31 33 63 5 44 0 6 28 18 27 50 91 9 
42 22 26 80 61 68 47 98 84 68 88 15 6 0 59 72 95 48 60 41 
20 28 34 4 67 84 38 77 8 54 53 61 28 59 0 82 6 36 7 33 
48 86 75 94 72 75 51 45 50 85 63 20 18 72 82 0 66 67 37 66 
75 26 91 69 84 72 51 21 88 54 73 47 27 95 6 66 0 89 92 36 
32 45 14 35 51 19 8 42 75 68 94 46 50 48 36 67 89 0 21 84 
16 73 14 14 29 73 19 23 57 5 37 16 91 60 7 37 92 21 0 60 
22 28 54 38 27 57 39 2 36 80 44 54 9 41 33 66 36 84 60 0 

19 3
11 3 15 
0 55 98 25 57 98 1 12 12 61 30 29 56 50 74 64 20 16 88 37 
55 0 64 38 2 67 19 11 63 3 8 26 34 96 43 4 12 21 8 60 
98 64 0 84 62 50 95 64 43 89 19 24 85 94 42 3 99 52 31 37 
25 38 84 0 50 96 65 5 21 44 15 33 69 21 61 60 5 83 82 60 
57 2 62 50 0 62 72 31 71 66 44 55 44 7 41 15 44 26 51 53 
98 67 50 96 62 0 48 37 73 86 87 63 94 7 20 88 35 10 88 30 
1 19 95 65 72 48 0 30 6 82 54 83 95 24 75 27 46 8 56 34 
12 11 64 5 31 37 30 0 50 36 33 0 56 19 46 76 35 68 28 60 
12 63 43 21 71 73 6 50 0 28 60 45 40 52 62 43 81 52 10 32 
61 3 89 44 66 86 82 36 28 0 44 77 0 93 28 86 97 1 17 47 
30 8 19 15 44 87 54 33 60 44 0 40 61 46 68 77 91 50 99 58 
29 26 24 33 55 63 83 0 45 77 40 0 80 13 35 88 84 2 97 64 
56 34 85 69 44 94 95 56 40 0 61 80 0 56 13 5 11 62 80 19 
50 96 94 21 7 7 24 19 52 93 46 13 56 0 25 89 43 25 93 38 
74 43 42 61 41 20 75 46 62 28 68 35 13 25 0 42 58 34 93 12 
64 4 3 60 15 88 27 76 43 86 77 88 5 89 42 0 68 54 38 79 
20 12 99 5 44 35 46 35 81 97 91 84 11 43 58 68 0 93 44 68 
16 21 52 83 26 10 8 68 52 1 50 2 62 25 34 54 93 0 74 51 
88 8 31 82 51 88 56 28 10 17 99 97 80 93 93 38 44 74 0 73 
37 60 37 60 53 30 34 60 32 47 58 64 19 38 12 79 68 51 73 0 

19 5
4 18 6 10 11 
0 14 94 43 68 74 34 24 4 32 20 19 88 70 19 9 19 29 83 7 
14 0 86 95 77 49 35 43 8 37 56 52 1 52 30 5 93 84 14 12 
94 86 0 51 6 37 25 41 15 25 82 25 18 99 53 9 21 44 42 76 
43 95 51 0 21 9 95 32 43 10 91 37 45 64 63 44 79 81 36 77 
68 77 6 21 0 28 21 34 31 1 44 40 57 4 47 6 34 49 26 4 
74 49 37 9 28 0 79 6 87 58 21 81 92 46 2 57 67 92 4 82 
34 35 25 95 21 79 0 27 1 53 90 3 98 23 60 79 45 39 63 59 
24 43 41 32 34 6 27 0 68 30 12 72 2 68 45 90 66 81 64 48 
4 8 15 43 31 87 1 68 0 9 59 16 64 24 89 94 46 56 57 7 
32 37 25 10 1 58 53 30 9 0 56 11 64 78 49 36 56 18 50 75 
20 56 82 91 44 21 90 12 59 56 0 17 47 50 54 53 42 54 44 9 
19 52 25 37 40 81 3 72 16 11 17 0 26 65 85 32 37 70 47 2 
88 1 18 45 57 92 98 2 64 64 47 26 0 12 48 76 27 52 68 4 
70 52 99 64 4 46 23 68 24 78 50 65 12 0 36 30 65 70 67 10 
19 30 53 63 47 2 60 45 89 49 54 85 48 36 0 57 30 38 65 4 
9 5 9 44 6 57 79 90 94 36 53 32 76 30 57 0 67 65 0 74 
19 93 21 79 34 67 45 66 46 56 42 37 27 65 30 67 0 20 49 29 
29 84 44 81 49 92 39 81 56 18 54 70 52 70 38 65 20 0 35 29 
83 14 42 36 26 4 63 64 57 50 44 47 68 67 65 0 49 35 0 74 
7 12 76 77 4 82 59 48 7 75 9 2 4 10 4 74 29 29 74 0 

19 8
4 12 14 2 13 18 5 10 
0 21 50 32 95 19 99 98 86 38 90 20 28 55 82 80 28 69 38 11 
21 0 35 76 77 44 59 13 0 87 9 10 89 88 13 44 12 88 8 77 
50 35 0 5 33 38 33 93 95 62 56 54 52 3 97 87 97 8 75 93 
32 76 5 0 16 52 45 4 9 49 21 45 65 0 18 93 73 54 94 31 
95 77 33 16 0 59 49 23 56 1 53 54 72 99 30 30 68 88 76 75 
19 44 38 52 59 0 67 96 11 43 46 96 77 86 37 3 68 34 24 17 
99 59 33 45 49 67 0 25 15 26 12 59 21 74 30 78 92 28 98 41 
98 13 93 4 23 96 25 0 32 66 19 63 45 48 82 74 42 25 84 44 
86 0 95 9 56 11 15 32 0 46 29 7 7 6 69 24 20 27 47 63 
38 87 62 49 1 43 26 66 46 0 57 51 31 3 9 63 57 56 9 3 
90 9 56 21 53 46 12 19 29 57 0 52 18 68 13 84 88 43 84 86 
20 10 54 45 54 96 59 63 7 51 52 0 6 59 97 6 10 8 49 53 
28 89 52 65 72 77 21 45 7 31 18 6 0 0 44 7 72 17 58 70 
55 88 3 0 99 86 74 48 6 3 68 59 0 0 92 23 21 18 89 7 
82 13 97 18 30 37 30 82 69 9 13 97 44 92 0 68 11 7 69 60 
80 44 87 93 30 3 78 74 24 63 84 6 7 23 68 0 50 20 7 68 
28 12 97 73 68 68 92 42 20 57 88 10 72 21 11 50 0 4 12 9 
69 88 8 54 88 34 28 25 27 56 43 8 17 18 7 20 4 0 81 86 
38 8 75 94 76 24 98 84 47 9 84 49 58 89 69 7 12 81 0 18 
11 77 93 31 75 17 41 44 63 3 86 53 70 7 60 68 9 86 18 0 

19 2
16 2 
0 0 19 97 46 94 86 37 8 56 2 91 46 58 57 76 96 42 4 26 
0 0 76 94 15 27 2 91 97 24 42 65 67 49 76 1 44 90 93 41 
19 76 0 6 61 94 31 40 86 54 18 63 52 6 86 40 75 56 75 88 
97 94 6 0 31 14 16 83 61 96 45 74 20 48 60 96 64 55 61 25 
46 15 61 31 0 35 53 78 6 60 7 15 13 48 81 49 8 15 74 78 
94 27 94 14 35 0 69 89 4 50 33 27 1 17 72 62 35 89 38 87 
86 2 31 16 53 69 0 65 2 30 84 23 9 91 74 9 14 67 12 5 
37 91 40 83 78 89 65 0 50 29 13 61 89 23 51 55 1 66 52 40 
8 97 86 61 6 4 2 50 0 37 27 90 9 81 98 82 19 43 42 9 
56 24 54 96 60 50 30 29 37 0 17 18 63 27 7 43 16 25 94 78 
2 42 18 45 7 33 84 13 27 17 0 13 78 94 95 30 35 9 86 35 
91 65 63 74 15 27 23 61 90 18 13 0 13 74 16 28 48 46 56 64 
46 67 52 20 13 1 9 89 9 63 78 13 0 58 76 90 69 12 96 67 
58 49 6 48 48 17 91 23 81 27 94 74 58 0 34 9 37 82 49 25 
57 76 86 60 81 72 74 51 98 7 95 16 76 34 0 20 16 70 18 36 
76 1 40 96 49 62 9 55 82 43 30 28 90 9 20 0 31 30 19 77 
96 44 75 64 8 35 14 1 19 16 35 48 69 37 16 31 0 13 22 86 
42 90 56 55 15 89 67 66 43 25 9 46 12 82 70 30 13 0 42 47 
4 93 75 61 74 38 12 52 42 94 86 56 96 49 18 19 22 42 0 46 
26 41 88 25 78 87 5 40 9 78 35 64 67 25 36 77 86 47 46 0 

19 13
10 18 15 17 3 2 14 8 4 12 19 7 16 
0 4 61 2 85 3 10 22 54 36 35 64 48 34 39 13 85 76 19 47 
4 0 36 82 99 55 43 31 73 26 61 29 76 52 91 89 39 66 90 90 
61 36 0 5 7 88 37 28 25 60 91 90 98 80 91 20 38 48 66 56 
2 82 5 0 68 88 41 51 29 12 27 2 37 94 84 49 77 94 5 12 
85 99 7 68 0 57 21 29 44 76 7 86 8 42 22 2 89 67 72 45 
3 55 88 88 57 0 60 29 2 48 61 60 41 27 21 70 86 44 93 48 
10 43 37 41 21 60 0 60 64 6 90 29 76 54 95 98 53 21 58 65 
22 31 28 51 29 29 60 0 84 1 25 70 29 96 99 46 3 91 45 95 
54 73 25 29 44 2 64 84 0 10 92 56 52 49 26 43 73 99 94 89 
36 26 60 12 76 48 6 1 10 0 29 17 66 47 20 61 68 36 43 78 
35 61 91 27 7 61 90 25 92 29 0 76 9 51 52 36 0 10 11 98 
64 29 90 2 86 60 29 70 56 17 76 0 52 14 92 77 44 44 64 52 
48 76 98 37 8 41 76 29 52 66 9 52 0 14 97 38 7 10 87 24 
34 52 80 94 42 27 54 96 49 47 51 14 14 0 64 55 42 18 91 86 
39 91 91 84 22 21 95 99 26 20 52 92 97 64 0 82 75 15 83 2 
13 89 20 49 2 70 98 46 43 61 36 77 38 55 82 0 8 91 2 87 
85 39 38 77 89 86 53 3 73 68 0 44 7 42 75 8 0 15 73 23 
76 66 48 94 67 44 21 91 99 36 10 44 10 18 15 91 15 0 7 73 
19 90 66 5 72 93 58 45 94 43 11 64 87 91 83 2 73 7 0 10 
47 90 56 12 45 48 65 95 89 78 98 52 24 86 2 87 23 73 10 0 

19 1
11 
0 36 72 92 3 81 98 41 92 46 32 37 99 48 32 31 45 7 36 42 
36 0 76 66 47 96 42 7 48 64 46 37 16 43 22 62 9 81 63 67 
72 76 0 79 55 53 30 7 38 84 46 52 91 44 75 97 15 44 15 34 
92 66 79 0 33 41 20 87 83 62 35 39 62 21 89 59 75 18 50 21 
3 47 55 33 0 58 48 80 60 85 76 70 82 42 42 58 34 18 83 41 
81 96 53 41 58 0 77 44 2 73 71 30 15 9 70 14 53 97 10 4 
98 42 30 20 48 77 0 48 1 46 84 82 69 48 4 32 27 96 57 33 
41 7 7 87 80 44 48 0 89 45 91 88 96 12 74 79 67 23 27 70 
92 48 38 83 60 2 1 89 0 41 35 88 83 59 91 9 76 15 12 96 
46 64 84 62 85 73 46 45 41 0 28 0 5 96 19 28 36 58 16 35 
32 46 46 35 76 71 84 91 35 28 0 28 73 29 30 46 20 37 73 19 
37 37 52 39 70 30 82 88 88 0 28 0 62 27 73 4 10 48 66 69 
99 16 91 62 82 15 69 96 83 5 73 62 0 5 31 17 24 58 4 94 
48 43 44 21 42 9 48 12 59 96 29 27 5 0 57 80 42 30 3 19 
32 22 75 89 42 70 4 74 91 19 30 73 31 57 0 99 12 6 48 14 
31 62 97 59 58 14 32 79 9 28 46 4 17 80 99 0 78 57 95 49 
45 9 15 75 34 53 27 67 76 36 20 10 24 42 12 78 0 71 60 16 
7 81 44 18 18 97 96 23 15 58 37 48 58 30 6 57 71 0 69 75 
36 63 15 50 83 10 57 27 12 16 73 66 4 3 48 95 60 69 0 2 
42 67 34 21 41 4 33 70 96 35 19 69 94 19 14 49 16 75 2 0 

19 3
4 10 1 
0 32 47 62 34 76 30 15 37 33 86 81 83 82 53 92 2 56 64 27 
32 0 78 78 86 45 9 77 85 33 31 15 77 17 1 79 61 85 68 70 
47 78 0 89 88 75 19 90 41 50 1 93 96 85 51 83 13 45 51 25 
62 78 89 0 90 73 38 65 16 21 41 60 71 96 82 8 70 1 60 69 
34 86 88 90 0 47 10 60 27 97 64 68 33 36 30 50 89 10 28 62 
76 45 75 73 47 0 53 79 43 37 8 88 32 2 25 30 7 82 5 69 
30 9 19 38 10 53 0 3 81 65 40 41 21 81 7 53 19 52 36 36 
15 77 90 65 60 79 3 0 49 88 48 83 49 29 5 36 89 78 37 9 
37 85 41 16 27 43 81 49 0 48 47 62 58 14 79 82 92 48 39 59 
33 33 50 21 97 37 65 88 48 0 56 46 76 84 18 14 54 38 28 73 
86 31 1 41 64 8 40 48 47 56 0 25 81 50 14 85 15 40 99 43 
81 15 93 60 68 88 41 83 62 46 25 0 51 46 77 59 28 48 64 61 
83 77 96 71 33 32 21 49 58 76 81 51 0 77 51 19 15 61 97 38 
82 17 85 96 36 2 81 29 14 84 50 46 77 0 84 32 77 29 16 84 
53 1 51 82 30 25 7 5 79 18 14 77 51 84 0 78 74 13 50 42 
92 79 83 8 50 30 53 36 82 14 85 59 19 32 78 0 76 42 77 34 
2 61 13 70 89 7 19 89 92 54 15 28 15 77 74 76 0 18 38 70 
56 85 45 1 10 82 52 78 48 38 40 48 61 29 13 42 18 0 81 79 
64 68 51 60 28 5 36 37 39 28 99 64 97 16 50 77 38 81 0 4 
27 70 25 69 62 69 36 9 59 73 43 61 38 84 42 34 70 79 4 0 

19 12
7 19 15 6 4 5 10 17 8 2 14 13 
0 17 41 45 67 70 59 81 98 43 8 35 79 81 85 61 4 51 7 76 
17 0 3 56 3 36 49 78 43 39 76 82 7 82 35 70 45 42 49 65 
41 3 0 63 93 14 25 23 66 74 59 81 14 98 50 37 57 72 70 51 
45 56 63 0 81 73 65 67 70 43 37 75 39 46 30 61 53 91 26 60 
67 3 93 81 0 69 59 79 38 44 46 63 14 60 47 56 71 10 24 39 
70 36 14 73 69 0 5 45 72 11 34 85 53 96 74 75 77 14 84 93 
59 49 25 65 59 5 0 17 96 12 25 25 21 13 5 67 71 96 43 34 
81 78 23 67 79 45 17 0 34 64 31 27 28 37 34 34 11 35 36 91 
98 43 66 70 38 72 96 34 0 85 4 51 97 41 70 55 57 1 8 30 
43 39 74 43 44 11 12 64 85 0 56 16 81 85 90 97 10 88 15 6 
8 76 59 37 46 34 25 31 4 56 0 97 83 28 65 14 90 55 42 75 
35 82 81 75 63 85 25 27 51 16 97 0 41 8 18 8 65 28 35 56 
79 7 14 39 14 53 21 28 97 81 83 41 0 62 73 28 64 34 8 75 
81 82 98 46 60 96 13 37 41 85 28 8 62 0 65 99 83 42 38 53 
85 35 50 30 47 74 5 34 70 90 65 18 73 65 0 5 12 64 7 7 
61 70 37 61 56 75 67 34 55 97 14 8 28 99 5 0 82 69 80 87 
4 45 57 53 71 77 71 11 57 10 90 65 64 83 12 82 0 87 76 14 
51 42 72 91 10 14 96 35 1 88 55 28 34 42 64 69 87 0 93 92 
7 49 70 26 24 84 43 36 8 15 42 35 8 38 7 80 76 93 0 87 
76 65 51 60 39 93 34 91 30 6 75 56 75 53 7 87 14 92 87 0 

19 6
14 9 10 15 12 18 
0 77 31 45 68 77 42 6 16 42 95 19 3 17 83 22 24 2 98 76 
77 0 87 78 11 81 64 79 46 45 3 90 71 22 36 58 83 18 43 12 
31 87 0 29 3 68 89 47 93 2 30 68 5 39 20 96 18 18 1 91 
45 78 29 0 86 96 50 62 32 23 7 31 65 25 5 68 26 45 53 59 
68 11 3 86 0 60 69 18 41 91 21 9 49 25 7 69 52 79 21 77 
77 81 68 96 60 0 24 45 7 17 78 67 53 73 89 16 26 45 96 55 
42 64 89 50 69 24 0 22 72 60 71 75 69 80 99 79 83 14 7 62 
6 79 47 62 18 45 22 0 53 55 97 64 88 86 44 57 9 41 37 85 
16 46 93 32 41 7 72 53 0 71 53 43 11 3 74 9 89 16 72 42 
42 45 2 23 91 17 60 55 71 0 23 38 97 36 22 15 74 35 3 56 
95 3 30 7 21 78 71 97 53 23 0 16 66 12 2 13 1 51 88 44 
19 90 68 31 9 67 75 64 43 38 16 0 42 63 22 39 21 12 93 88 
3 71 5 65 49 53 69 88 11 97 66 42 0 14 96 82 79 6 43 73 
17 22 39 25 25 73 80 86 3 36 12 63 14 0 2 94 7 6 27 61 
83 36 20 5 7 89 99 44 74 22 2 22 96 2 0 14 50 63 74 53 
22 58 96 68 69 16 79 57 9 15 13 39 82 94 14 0 84 48 29 23 
24 83 18 26 52 26 83 9 89 74 1 21 79 7 50 84 0 40 74 66 
2 18 18 45 79 45 14 41 16 35 51 12 6 6 63 48 40 0 30 6 
98 43 1 53 21 96 7 37 72 3 88 93 43 27 74 29 74 30 0 99 
76 12 91 59 77 55 62 85 42 56 44 88 73 61 53 23 66 6 99 0 

19 8
12 7 15 4 10 5 19 14 
0 65 46 98 86 25 47 35 93 79 91 13 91 19 38 29 47 7 83 64 
65 0 14 75 6 53 21 12 84 84 63 12 50 89 44 16 61 39 83 50 
46 14 0 7 28 50 46 11 21 79 21 67 86 41 18 7 89 1 57 51 
98 75 7 0 81 99 41 97 35 49 26 89 96 10 56 74 89 5 83 69 
86 6 28 81 0 80 5 24 58 0 17 16 27 24 49 52 86 89 3 90 
25 53 50 99 80 0 0 15 57 44 31 2 48 30 80 82 65 5 69 4 
47 21 46 41 5 0 0 57 4 10 92 38 99 44 21 94 52 72 80 28 
35 12 11 97 24 15 57 0 2 18 65 69 51 9 50 66 14 2 22 27 
93 84 21 35 58 57 4 2 0 70 38 55 21 16 58 45 53 20 18 64 
79 84 79 49 0 44 10 18 70 0 85 69 2 56 68 0 11 4 2 62 
91 63 21 26 17 31 92 65 38 85 0 97 64 94 63 27 56 59 12 87 
13 12 67 89 16 2 38 69 55 69 97 0 70 46 56 25 56 58 63 33 
91 50 86 96 27 48 99 51 21 2 64 70 0 64 3 43 51 68 81 57 
19 89 41 10 24 30 44 9 16 56 94 46 64 0 34 18 21 97 46 21 
38 44 18 56 49 80 21 50 58 68 63 56 3 34 0 50 14 53 67 98 
29 16 7 74 52 82 94 66 45 0 27 25 43 18 50 0 80 62 87 24 
47 61 89 89 86 65 52 14 53 11 56 56 51 21 14 80 0 55 44 51 
7 39 1 5 89 5 72 2 20 4 59 58 68 97 53 62 55 0 58 48 
83 83 57 83 3 69 80 22 18 2 12 63 81 46 67 87 44 58 0 33 
64 50 51 69 90 4 28 27 64 62 87 33 57 21 98 24 51 48 33 0 

19 1
11 
0 64 50 79 87 99 44 48 68 83 21 46 89 30 77 59 66 80 81 21 
64 0 66 99 85 69 25 25 38 76 42 28 19 0 70 94 9 65 23 54 
50 66 0 3 44 36 71 0 29 50 16 91 70 92 10 81 38 96 95 21 
79 99 3 0 72 21 32 70 89 54 2 51 37 17 81 59 39 97 89 48 
87 85 44 72 0 35 25 18 13 66 82 7 13 1 13 83 36 19 14 69 
99 69 36 21 35 0 53 65 73 39 58 59 38 38 16 21 40 57 14 59 
44 25 71 32 25 53 0 64 47 37 91 29 86 77 10 92 83 91 74 96 
48 25 0 70 18 65 64 0 67 16 91 84 61 74 0 81 46 3 37 3 
68 38 29 89 13 73 47 67 0 78 94 24 69 26 87 29 85 61 47 6 
83 76 50 54 66 39 37 16 78 0 94 77 85 92 40 47 39 60 39 71 
21 42 16 2 82 58 91 91 94 94 0 8 14 44 35 96 73 53 69 70 
46 28 91 51 7 59 29 84 24 77 8 0 52 20 0 86 29 30 4 79 
89 19 70 37 13 38 86 61 69 85 14 52 0 27 62 63 32 2 62 98 
30 0 92 17 1 38 77 74 26 92 44 20 27 0 3 80 23 83 32 54 
77 70 10 81 13 16 10 0 87 40 35 0 62 3 0 36 45 60 41 88 
59 94 81 59 83 21 92 81 29 47 96 86 63 80 36 0 82 18 88 89 
66 9 38 39 36 40 83 46 85 39 73 29 32 23 45 82 0 13 69 11 
80 65 96 97 19 57 91 3 61 60 53 30 2 83 60 18 13 0 21 96 
81 23 95 89 14 14 74 37 47 39 69 4 62 32 41 88 69 21 0 56 
21 54 21 48 69 59 96 3 6 71 70 79 98 54 88 89 11 96 56 0 

19 4
2 15 6 13 
0 21 20 40 41 30 41 69 47 0 29 84 54 80 3 80 68 71 90 48 
21 0 20 68 0 66 34 95 28 87 37 35 53 59 17 50 14 54 64 97 
20 20 0 46 29 80 43 51 95 38 47 76 84 22 6 41 19 55 51 68 
40 68 46 0 63 18 5 6 36 15 87 67 17 12 7 82 47 7 62 61 
41 0 29 63 0 73 23 9 50 86 99 52 28 27 99 39 53 82 52 50 
30 66 80 18 73 0 68 94 50 67 38 78 92 71 2 68 37 74 59 50 
41 34 43 5 23 68 0 22 28 99 23 13 49 1 21 73 9 31 83 32 
69 95 51 6 9 94 22 0 24 22 78 6 57 24 6 19 58 65 22 76 
47 28 95 36 50 50 28 24 0 81 10 50 58 46 79 0 25 4 50 1 
0 87 38 15 86 67 99 22 81 0 85 95 41 7 20 92 77 67 12 5 
29 37 47 87 99 38 23 78 10 85 0 50 39 87 35 4 70 88 16 55 
84 35 76 67 52 78 13 6 50 95 50 0 71 35 87 27 5 86 80 78 
54 53 84 17 28 92 49 57 58 41 39 71 0 92 16 6 28 62 40 15 
80 59 22 12 27 71 1 24 46 7 87 35 92 0 78 8 0 6 59 7 
3 17 6 7 99 2 21 6 79 20 35 87 16 78 0 39 8 67 16 93 
80 50 41 82 39 68 73 19 0 92 4 27 6 8 39 0 17 45 92 33 
68 14 19 47 53 37 9 58 25 77 70 5 28 0 8 17 0 83 84 30 
71 54 55 7 82 74 31 65 4 67 88 86 62 6 67 45 83 0 17 69 
90 64 51 62 52 59 83 22 50 12 16 80 40 59 16 92 84 17 0 54 
48 97 68 61 50 50 32 76 1 5 55 78 15 7 93 33 30 69 54 0 

19 4
17 6 8 18 
0 71 54 12 45 5 14 51 97 73 18 35 40 78 63 57 2 17 35 41 
71 0 27 75 90 35 22 54 61 26 22 8 58 73 52 38 79 54 60 33 
54 27 0 42 69 10 19 90 67 72 44 93 62 60 67 41 34 10 61 78 
12 75 42 0 25 72 42 17 66 56 80 68 95 68 20 22 55 26 39 50 
45 90 69 25 0 36 90 29 60 98 88 86 66 84 54 91 55 75 95 84 
5 35 10 72 36 0 10 49 0 72 39 84 24 53 90 54 67 27 87 9 
14 22 19 42 90 10 0 35 55 11 75 10 45 53 80 64 63 51 83 2 
51 54 90 17 29 49 35 0 13 8 28 33 71 90 61 69 50 41 68 37 
97 61 67 66 60 0 55 13 0 39 38 0 12 81 98 34 51 46 27 19 
73 26 72 56 98 72 11 8 39 0 93 41 77 17 68 51 35 77 93 73 
18 22 44 80 88 39 75 28 38 93 0 81 49 92 94 38 74 7 90 59 
35 8 93 68 86 84 10 33 0 41 81 0 0 49 99 31 25 39 59 86 
40 58 62 95 66 24 45 71 12 77 49 0 0 4 9 35 9 8 40 15 
78 73 60 68 84 53 53 90 81 17 92 49 4 0 28 50 40 15 6 56 
63 52 67 20 54 90 80 61 98 68 94 99 9 28 0 70 83 18 62 48 
57 38 41 22 91 54 64 69 34 51 38 31 35 50 70 0 54 51 19 79 
2 79 34 55 55 67 63 50 51 35 74 25 9 40 83 54 0 14 7 89 
17 54 10 26 75 27 51 41 46 77 7 39 8 15 18 51 14 0 43 32 
35 60 61 39 95 87 83 68 27 93 90 59 40 6 62 19 7 43 0 25 
41 33 78 50 84 9 2 37 19 73 59 86 15 56 48 79 89 32 25 0 

19 8
13 8 9 12 1 3 11 10 
0 98 29 17 97 97 87 85 76 46 70 79 0 17 34 8 62 25 28 15 
98 0 16 15 98 29 3 90 71 17 12 48 16 56 27 36 48 29 92 49 
29 16 0 77 75 67 52 4 35 97 70 31 5 56 4 49 32 44 44 26 
17 15 77 0 78 80 85 77 47 65 76 21 33 18 57 32 20 46 77 87 
97 98 75 78 0 16 2 14 55 4 3 21 8 63 4 8 53 54 85 60 
97 29 67 80 16 0 75 32 60 10 15 42 69 99 20 8 9 22 81 30 
87 3 52 85 2 75 0 71 54 1 8 52 48 84 16 45 13 74 17 15 
85 90 4 77 14 32 71 0 83 76 5 3 82 26 12 28 39 61 76 6 
76 71 35 47 55 60 54 83 0 5 69 21 29 66 75 94 7 98 30 24 
46 17 97 65 4 10 1 76 5 0 31 15 20 19 51 74 68 19 65 2 
70 12 70 76 3 15 8 5 69 31 0 98 12 62 66 34 84 80 5 19 
79 48 31 21 21 42 52 3 21 15 98 0 55 18 90 56 61 70 6 66 
0 16 5 33 8 69 48 82 29 20 12 55 0 78 2 30 90 7 44 14 
17 56 56 18 63 99 84 26 66 19 62 18 78 0 1 79 77 16 46 69 
34 27 4 57 4 20 16 12 75 51 66 90 2 1 0 98 19 19 68 95 
8 36 49 32 8 8 45 28 94 74 34 56 30 79 98 0 32 80 31 55 
62 48 32 20 53 9 13 39 7 68 84 61 90 77 19 32 0 26 12 28 
25 29 44 46 54 22 74 61 98 19 80 70 7 16 19 80 26 0 36 98 
28 92 44 77 85 81 17 76 30 65 5 6 44 46 68 31 12 36 0 90 
15 49 26 87 60 30 15 6 24 2 19 66 14 69 95 55 28 98 90 0 

19 4
4 13 3 18 
0 41 15 34 57 67 2 80 98 20 8 65 80 33 14 10 45 96 80 91 
41 0 98 22 22 6 87 48 1 67 71 53 21 66 97 27 19 97 42 75 
15 98 0 91 25 6 34 40 4 51 26 62 77 55 59 46 83 43 20 8 
34 22 91 0 35 75 82 91 34 30 44 87 80 20 19 72 80 51 73 84 
57 22 25 35 0 40 93 77 13 95 62 71 8 42 85 59 2 57 36 55 
67 6 6 75 40 0 9 81 38 10 88 71 91 79 53 38 31 27 0 69 
2 87 34 82 93 9 0 87 96 29 81 31 44 71 51 81 2 52 71 57 
80 48 40 91 77 81 87 0 64 40 92 4 96 37 78 78 25 33 22 62 
98 1 4 34 13 38 96 64 0 51 3 82 80 38 17 99 70 81 63 83 
20 67 51 30 95 10 29 40 51 0 82 75 2 83 41 0 0 34 45 50 
8 71 26 44 62 88 81 92 3 82 0 96 97 12 42 26 35 60 29 80 
65 53 62 87 71 71 31 4 82 75 96 0 60 11 3 68 50 16 29 54 
80 21 77 80 8 91 44 96 80 2 97 60 0 16 17 60 30 8 32 14 
33 66 55 20 42 79 71 37 38 83 12 11 16 0 42 72 69 44 71 20 
14 97 59 19 85 53 51 78 17 41 42 3 17 42 0 78 41 58 62 66 
10 27 46 72 59 38 81 78 99 0 26 68 60 72 78 0 31 23 24 19 
45 19 83 80 2 31 2 25 70 0 35 50 30 69 41 31 0 68 78 33 
96 97 43 51 57 27 52 33 81 34 60 16 8 44 58 23 68 0 59 40 
80 42 20 73 36 0 71 22 63 45 29 29 32 71 62 24 78 59 0 85 
91 75 8 84 55 69 57 62 83 50 80 54 14 20 66 19 33 40 85 0 

19 10
17 10 6 9 16 2 19 13 15 5 
0 89 10 71 75 25 95 6 86 30 85 4 30 97 65 49 19 40 21 46 
89 0 49 81 4 99 27 43 72 71 9 95 84 77 18 59 70 13 76 25 
10 49 0 30 80 88 91 93 40 83 22 28 24 96 9 1 13 65 16 88 
71 81 30 0 47 4 14 97 67 93 29 78 73 69 77 39 17 59 56 5 
75 4 80 47 0 30 9 17 39 24 99 19 81 5 43 45 36 28 0 32 
25 99 88 4 30 0 52 61 68 93 20 36 54 53 19 52 30 67 8 32 
95 27 91 14 9 52 0 64 66 61 74 95 72 30 0 22 47 32 77 41 
6 43 93 97 17 61 64 0 71 49 92 39 77 29 51 29 54 3 23 19 
86 72 40 67 39 68 66 71 0 47 80 92 75 46 66 14 62 15 38 23 
30 71 83 93 24 93 61 49 47 0 71 45 54 40 3 92 85 14 99 99 
85 9 22 29 99 20 74 92 80 71 0 12 68 21 82 78 29 58 44 54 
4 95 28 78 19 36 95 39 92 45 12 0 32 65 31 69 21 85 25 63 
30 84 24 73 81 54 72 77 75 54 68 32 0 30 77 6 27 62 21 20 
97 77 96 69 5 53 30 29 46 40 21 65 30 0 47 15 94 72 51 86 
65 18 9 77 43 19 0 51 66 3 82 31 77 47 0 43 94 41 69 51 
49 59 1 39 45 52 22 29 14 92 78 69 6 15 43 0 25 46 93 43 
19 70 13 17 36 30 47 54 62 85 29 21 27 94 94 25 0 12 7 34 
40 13 65 59 28 67 32 3 15 14 58 85 62 72 41 46 12 0 3 89 
21 76 16 56 0 8 77 23 38 99 44 25 21 51 69 93 7 3 0 14 
46 25 88 5 32 32 41 19 23 99 54 63 20 86 51 43 34 89 14 0 

19 7
5 16 8 10 12 15 6 
0 34 72 14 73 57 21 91 64 43 11 65 95 28 80 76 37 31 24 28 
34 0 2 90 73 43 61 41 5 72 94 61 22 49 34 36 97 42 80 81 
72 2 0 89 89 20 45 43 39 33 61 85 89 63 80 20 56 64 6 47 
14 90 89 0 75 30 59 9 78 99 37 31 85 52 1 51 55 94 48 61 
73 73 89 75 0 45 74 39 9 11 73 98 90 93 5 69 3 76 32 34 
57 43 20 30 45 0 47 43 95 85 18 89 90 79 30 93 42 63 7 90 
21 61 45 59 74 47 0 76 70 1 42 90 75 82 45 32 14 80 35 50 
91 41 43 9 39 43 76 0 90 37 82 69 6 96 51 0 1 71 88 39 
64 5 39 78 9 95 70 90 0 6 16 27 67 59 45 34 29 86 5 46 
43 72 33 99 11 85 1 37 6 0 65 79 9 46 93 69 83 69 50 11 
11 94 61 37 73 18 42 82 16 65 0 70 24 71 27 32 75 5 18 53 
65 61 85 31 98 89 90 69 27 79 70 0 8 71 43 93 77 0 62 60 
95 22 89 85 90 90 75 6 67 9 24 8 0 87 62 49 37 67 57 58 
28 49 63 52 93 79 82 96 59 46 71 71 87 0 38 33 46 28 79 25 
80 34 80 1 5 30 45 51 45 93 27 43 62 38 0 78 88 63 86 20 
76 36 20 51 69 93 32 0 34 69 32 93 49 33 78 0 89 73 98 62 
37 97 56 55 3 42 14 1 29 83 75 77 37 46 88 89 0 39 43 95 
31 42 64 94 76 63 80 71 86 69 5 0 67 28 63 73 39 0 94 1 
24 80 6 48 32 7 35 88 5 50 18 62 57 79 86 98 43 94 0 81 
28 81 47 61 34 90 50 39 46 11 53 60 58 25 20 62 95 1 81 0 

19 1
10 
0 10 20 9 47 94 69 18 88 3 74 27 12 15 20 88 64 65 44 38 
10 0 46 3 20 29 99 26 45 51 48 13 12 60 54 21 82 21 39 18 
20 46 0 57 14 45 48 72 30 54 33 42 81 74 42 76 66 17 73 93 
9 3 57 0 76 9 70 36 32 56 50 98 68 82 34 49 94 47 81 28 
47 20 14 76 0 97 80 0 64 64 73 66 29 50 50 39 39 13 43 45 
94 29 45 9 97 0 32 75 6 86 95 16 63 9 70 22 16 64 1 40 
69 99 48 70 80 32 0 19 62 40 77 66 90 23 20 93 0 85 69 86 
18 26 72 36 0 75 19 0 52 82 35 98 20 61 50 80 88 43 37 28 
88 45 30 32 64 6 62 52 0 10 18 72 3 33 15 52 66 61 47 43 
3 51 54 56 64 86 40 82 10 0 65 52 13 39 29 56 45 87 85 86 
74 48 33 50 73 95 77 35 18 65 0 40 77 6 36 44 12 18 55 15 
27 13 42 98 66 16 66 98 72 52 40 0 38 73 12 97 39 55 79 46 
12 12 81 68 29 63 90 20 3 13 77 38 0 44 13 27 67 86 3 61 
15 60 74 82 50 9 23 61 33 39 6 73 44 0 64 68 54 85 3 92 
20 54 42 34 50 70 20 50 15 29 36 12 13 64 0 76 99 69 30 65 
88 21 76 49 39 22 93 80 52 56 44 97 27 68 76 0 85 69 94 36 
64 82 66 94 39 16 0 88 66 45 12 39 67 54 99 85 0 75 99 76 
65 21 17 47 13 64 85 43 61 87 18 55 86 85 69 69 75 0 63 31 
44 39 73 81 43 1 69 37 47 85 55 79 3 3 30 94 99 63 0 10 
38 18 93 28 45 40 86 28 43 86 15 46 61 92 65 36 76 31 10 0 

