20

4 3
1 2 3 
0 14 53 74 15 
14 0 19 41 68 
53 19 0 77 78 
74 41 77 0 5 
15 68 78 5 0 

4 3
3 4 1 
0 74 37 89 84 
74 0 25 50 46 
37 25 0 44 99 
89 50 44 0 85 
84 46 99 85 0 

4 4
3 2 4 1 
0 85 60 20 6 
85 0 84 89 51 
60 84 0 81 77 
20 89 81 0 47 
6 51 77 47 0 

4 3
1 4 2 
0 27 88 39 88 
27 0 8 94 1 
88 8 0 92 41 
39 94 92 0 7 
88 1 41 7 0 

4 4
1 2 4 3 
0 16 16 56 16 
16 0 90 41 91 
16 90 0 64 33 
56 41 64 0 54 
16 91 33 54 0 

4 2
3 4 
0 56 63 29 89 
56 0 33 91 62 
63 33 0 16 89 
29 91 16 0 70 
89 62 89 70 0 

4 1
1 
0 13 3 39 76 
13 0 56 10 12 
3 56 0 31 12 
39 10 31 0 29 
76 12 12 29 0 

4 2
3 1 
0 74 22 6 20 
74 0 99 63 98 
22 99 0 41 85 
6 63 41 0 45 
20 98 85 45 0 

4 1
1 
0 83 71 66 97 
83 0 51 0 57 
71 51 0 85 19 
66 0 85 0 99 
97 57 19 99 0 

4 2
4 1 
0 38 52 50 30 
38 0 15 59 79 
52 15 0 53 92 
50 59 53 0 0 
30 79 92 0 0 

4 1
1 
0 92 41 44 12 
92 0 18 91 94 
41 18 0 77 38 
44 91 77 0 7 
12 94 38 7 0 

4 3
3 2 4 
0 87 83 30 1 
87 0 46 1 54 
83 46 0 94 66 
30 1 94 0 63 
1 54 66 63 0 

4 1
4 
0 68 56 91 78 
68 0 39 66 84 
56 39 0 4 21 
91 66 4 0 47 
78 84 21 47 0 

4 1
1 
0 7 27 70 23 
7 0 77 37 31 
27 77 0 16 46 
70 37 16 0 16 
23 31 46 16 0 

4 2
3 1 
0 98 76 98 54 
98 0 88 3 9 
76 88 0 39 17 
98 3 39 0 86 
54 9 17 86 0 

4 3
3 4 1 
0 25 59 47 75 
25 0 34 30 30 
59 34 0 23 24 
47 30 23 0 57 
75 30 24 57 0 

4 3
4 2 1 
0 66 85 86 12 
66 0 12 38 69 
85 12 0 26 56 
86 38 26 0 37 
12 69 56 37 0 

4 1
1 
0 25 56 71 70 
25 0 80 9 36 
56 80 0 12 70 
71 9 12 0 86 
70 36 70 86 0 

4 1
3 
0 56 65 13 28 
56 0 41 32 16 
65 41 0 23 53 
13 32 23 0 54 
28 16 53 54 0 

4 3
1 4 2 
0 5 9 1 22 
5 0 96 16 30 
9 96 0 97 53 
1 16 97 0 1 
22 30 53 1 0 

