20

6 2
5 1 
0 23 43 66 34 56 68 
23 0 90 54 3 88 65 
43 90 0 81 61 81 23 
66 54 81 0 98 97 13 
34 3 61 98 0 44 22 
56 88 81 97 44 0 96 
68 65 23 13 22 96 0 

6 2
4 6 
0 50 27 57 63 57 16 
50 0 75 96 95 41 37 
27 75 0 75 55 7 79 
57 96 75 0 45 97 75 
63 95 55 45 0 86 12 
57 41 7 97 86 0 7 
16 37 79 75 12 7 0 

6 2
5 6 
0 45 40 86 33 93 96 
45 0 67 46 84 94 53 
40 67 0 76 93 19 3 
86 46 76 0 85 96 46 
33 84 93 85 0 43 27 
93 94 19 96 43 0 95 
96 53 3 46 27 95 0 

6 2
3 4 
0 84 37 62 0 43 40 
84 0 17 66 27 80 63 
37 17 0 74 13 96 46 
62 66 74 0 30 94 77 
0 27 13 30 0 18 99 
43 80 96 94 18 0 13 
40 63 46 77 99 13 0 

6 3
6 3 5 
0 41 37 22 39 53 68 
41 0 78 21 96 21 43 
37 78 0 52 95 52 92 
22 21 52 0 31 4 84 
39 96 95 31 0 88 91 
53 21 52 4 88 0 64 
68 43 92 84 91 64 0 

6 3
5 1 6 
0 15 40 81 73 27 94 
15 0 89 91 97 19 85 
40 89 0 7 75 37 23 
81 91 7 0 49 78 83 
73 97 75 49 0 15 8 
27 19 37 78 15 0 99 
94 85 23 83 8 99 0 

6 3
1 6 5 
0 89 22 98 9 90 90 
89 0 93 71 88 33 83 
22 93 0 81 87 40 75 
98 71 81 0 20 79 39 
9 88 87 20 0 12 93 
90 33 40 79 12 0 70 
90 83 75 39 93 70 0 

6 6
5 3 6 1 4 2 
0 53 15 40 15 23 76 
53 0 91 4 16 47 2 
15 91 0 55 2 32 20 
40 4 55 0 11 70 20 
15 16 2 11 0 16 37 
23 47 32 70 16 0 11 
76 2 20 20 37 11 0 

6 1
2 
0 84 18 80 48 90 47 
84 0 97 34 29 52 65 
18 97 0 75 58 43 12 
80 34 75 0 61 92 26 
48 29 58 61 0 89 99 
90 52 43 92 89 0 17 
47 65 12 26 99 17 0 

6 1
6 
0 89 58 55 64 85 80 
89 0 3 75 92 0 40 
58 3 0 75 63 27 61 
55 75 75 0 17 38 78 
64 92 63 17 0 1 89 
85 0 27 38 1 0 58 
80 40 61 78 89 58 0 

6 4
4 1 2 3 
0 37 53 38 38 57 25 
37 0 78 34 45 64 7 
53 78 0 26 49 87 29 
38 34 26 0 68 18 65 
38 45 49 68 0 57 49 
57 64 87 18 57 0 16 
25 7 29 65 49 16 0 

6 1
2 
0 70 91 98 13 56 44 
70 0 75 77 31 5 57 
91 75 0 90 75 45 46 
98 77 90 0 56 82 33 
13 31 75 56 0 58 14 
56 5 45 82 58 0 62 
44 57 46 33 14 62 0 

6 3
1 5 4 
0 0 36 74 70 95 59 
0 0 78 19 85 19 8 
36 78 0 84 46 53 82 
74 19 84 0 50 85 37 
70 85 46 50 0 90 42 
95 19 53 85 90 0 59 
59 8 82 37 42 59 0 

6 5
2 3 5 4 6 
0 49 40 90 91 98 67 
49 0 98 67 76 40 5 
40 98 0 52 37 44 16 
90 67 52 0 39 89 71 
91 76 37 39 0 16 13 
98 40 44 89 16 0 91 
67 5 16 71 13 91 0 

6 1
1 
0 96 49 76 71 26 97 
96 0 2 93 57 94 93 
49 2 0 35 96 14 77 
76 93 35 0 1 18 33 
71 57 96 1 0 16 63 
26 94 14 18 16 0 81 
97 93 77 33 63 81 0 

6 1
2 
0 76 38 1 88 72 4 
76 0 39 98 30 67 58 
38 39 0 47 57 24 56 
1 98 47 0 45 70 3 
88 30 57 45 0 15 7 
72 67 24 70 15 0 14 
4 58 56 3 7 14 0 

6 5
5 3 4 1 6 
0 58 64 52 31 0 35 
58 0 52 8 61 56 77 
64 52 0 64 82 54 13 
52 8 64 0 84 92 65 
31 61 82 84 0 39 45 
0 56 54 92 39 0 41 
35 77 13 65 45 41 0 

6 4
4 6 2 1 
0 73 49 12 18 54 82 
73 0 62 17 38 99 69 
49 62 0 83 38 53 59 
12 17 83 0 92 58 70 
18 38 38 92 0 80 1 
54 99 53 58 80 0 48 
82 69 59 70 1 48 0 

6 4
4 1 2 3 
0 29 27 13 46 5 10 
29 0 86 25 56 45 12 
27 86 0 88 3 6 5 
13 25 88 0 11 60 4 
46 56 3 11 0 92 11 
5 45 6 60 92 0 10 
10 12 5 4 11 10 0 

6 1
1 
0 74 46 53 82 15 7 
74 0 42 54 98 37 70 
46 42 0 85 22 78 22 
53 54 85 0 83 13 57 
82 98 22 83 0 9 60 
15 37 78 13 9 0 77 
7 70 22 57 60 77 0 

