20

9 7
5 6 2 9 8 7 4 
0 16 37 96 81 23 25 76 74 66 
16 0 1 96 88 4 91 43 89 96 
37 1 0 22 49 92 71 94 28 14 
96 96 22 0 63 27 69 7 92 2 
81 88 49 63 0 64 11 29 30 83 
23 4 92 27 64 0 8 34 33 41 
25 91 71 69 11 8 0 4 2 26 
76 43 94 7 29 34 4 0 82 61 
74 89 28 92 30 33 2 82 0 84 
66 96 14 2 83 41 26 61 84 0 

9 6
8 9 7 3 2 6 
0 63 34 88 45 25 13 71 93 18 
63 0 44 76 72 56 76 23 74 45 
34 44 0 40 29 86 35 99 97 53 
88 76 40 0 16 93 56 74 67 61 
45 72 29 16 0 6 1 99 37 39 
25 56 86 93 6 0 27 15 44 58 
13 76 35 56 1 27 0 95 36 80 
71 23 99 74 99 15 95 0 25 91 
93 74 97 67 37 44 36 25 0 84 
18 45 53 61 39 58 80 91 84 0 

9 7
5 1 4 7 3 9 2 
0 79 42 35 64 74 99 66 7 82 
79 0 18 16 23 2 45 34 60 37 
42 18 0 87 22 65 86 48 91 39 
35 16 87 0 19 67 20 83 65 0 
64 23 22 19 0 5 64 11 25 39 
74 2 65 67 5 0 31 4 3 37 
99 45 86 20 64 31 0 59 22 31 
66 34 48 83 11 4 59 0 67 5 
7 60 91 65 25 3 22 67 0 17 
82 37 39 0 39 37 31 5 17 0 

9 7
3 5 6 1 7 8 2 
0 28 65 42 40 69 64 62 80 15 
28 0 2 81 73 64 17 10 13 61 
65 2 0 10 72 84 86 49 55 62 
42 81 10 0 79 47 10 79 95 81 
40 73 72 79 0 87 77 21 15 11 
69 64 84 47 87 0 82 42 18 86 
64 17 86 10 77 82 0 7 33 64 
62 10 49 79 21 42 7 0 70 32 
80 13 55 95 15 18 33 70 0 79 
15 61 62 81 11 86 64 32 79 0 

9 9
8 6 5 4 1 3 2 7 9 
0 50 19 64 38 16 66 63 59 48 
50 0 77 94 56 56 5 38 96 77 
19 77 0 76 96 26 32 1 99 43 
64 94 76 0 22 59 82 95 78 60 
38 56 96 22 0 55 39 92 63 99 
16 56 26 59 55 0 25 39 83 15 
66 5 32 82 39 25 0 25 56 42 
63 38 1 95 92 39 25 0 8 99 
59 96 99 78 63 83 56 8 0 39 
48 77 43 60 99 15 42 99 39 0 

9 1
7 
0 65 40 94 95 58 34 38 63 61 
65 0 32 66 45 86 81 56 25 7 
40 32 0 46 92 48 72 31 53 52 
94 66 46 0 60 14 71 9 54 23 
95 45 92 60 0 97 74 89 57 45 
58 86 48 14 97 0 2 64 8 26 
34 81 72 71 74 2 0 79 66 98 
38 56 31 9 89 64 79 0 50 37 
63 25 53 54 57 8 66 50 0 50 
61 7 52 23 45 26 98 37 50 0 

9 9
6 4 2 5 1 3 8 7 9 
0 44 9 2 45 60 90 52 18 58 
44 0 58 27 99 88 59 45 59 83 
9 58 0 67 11 39 3 33 81 1 
2 27 67 0 8 99 65 89 42 67 
45 99 11 8 0 68 50 69 0 37 
60 88 39 99 68 0 34 3 86 3 
90 59 3 65 50 34 0 16 76 55 
52 45 33 89 69 3 16 0 93 56 
18 59 81 42 0 86 76 93 0 81 
58 83 1 67 37 3 55 56 81 0 

9 7
9 5 6 1 7 8 4 
0 97 9 51 44 99 78 14 57 80 
97 0 42 10 81 91 85 37 39 28 
9 42 0 35 51 38 34 97 49 90 
51 10 35 0 25 79 13 90 98 40 
44 81 51 25 0 87 37 97 96 84 
99 91 38 79 87 0 99 98 87 42 
78 85 34 13 37 99 0 45 36 70 
14 37 97 90 97 98 45 0 64 53 
57 39 49 98 96 87 36 64 0 94 
80 28 90 40 84 42 70 53 94 0 

9 9
4 1 5 2 9 7 3 6 8 
0 36 96 90 97 56 87 91 22 48 
36 0 10 39 68 47 95 84 58 19 
96 10 0 46 14 24 12 3 25 69 
90 39 46 0 89 53 66 72 67 60 
97 68 14 89 0 73 55 8 28 77 
56 47 24 53 73 0 98 50 55 64 
87 95 12 66 55 98 0 81 19 9 
91 84 3 72 8 50 81 0 5 93 
22 58 25 67 28 55 19 5 0 81 
48 19 69 60 77 64 9 93 81 0 

9 3
1 9 2 
0 18 9 1 62 87 26 90 20 52 
18 0 71 30 52 94 80 15 27 49 
9 71 0 90 4 18 84 38 45 45 
1 30 90 0 78 59 36 54 88 35 
62 52 4 78 0 56 86 29 98 41 
87 94 18 59 56 0 55 51 67 30 
26 80 84 36 86 55 0 58 87 31 
90 15 38 54 29 51 58 0 23 73 
20 27 45 88 98 67 87 23 0 17 
52 49 45 35 41 30 31 73 17 0 

9 5
4 6 1 2 9 
0 20 50 58 74 9 18 84 36 3 
20 0 92 6 11 88 87 23 60 36 
50 92 0 71 1 25 60 65 96 54 
58 6 71 0 65 12 56 98 39 86 
74 11 1 65 0 2 11 6 27 28 
9 88 25 12 2 0 15 91 40 38 
18 87 60 56 11 15 0 25 96 72 
84 23 65 98 6 91 25 0 10 4 
36 60 96 39 27 40 96 10 0 26 
3 36 54 86 28 38 72 4 26 0 

9 4
1 5 4 7 
0 91 81 69 25 32 8 46 36 89 
91 0 97 77 12 59 94 34 94 92 
81 97 0 72 8 6 70 64 61 26 
69 77 72 0 97 22 40 93 29 34 
25 12 8 97 0 32 57 81 95 50 
32 59 6 22 32 0 66 49 13 24 
8 94 70 40 57 66 0 81 38 55 
46 34 64 93 81 49 81 0 28 45 
36 94 61 29 95 13 38 28 0 84 
89 92 26 34 50 24 55 45 84 0 

9 8
2 9 7 8 3 4 5 1 
0 11 78 3 8 6 73 47 39 82 
11 0 52 11 45 45 6 31 47 35 
78 52 0 7 25 61 50 4 33 20 
3 11 7 0 29 61 48 90 58 2 
8 45 25 29 0 65 25 24 11 69 
6 45 61 61 65 0 14 67 17 21 
73 6 50 48 25 14 0 63 27 93 
47 31 4 90 24 67 63 0 30 87 
39 47 33 58 11 17 27 30 0 28 
82 35 20 2 69 21 93 87 28 0 

9 9
5 4 8 9 2 1 7 3 6 
0 32 58 89 49 65 74 72 57 94 
32 0 81 79 32 41 75 4 14 2 
58 81 0 84 8 29 90 39 93 87 
89 79 84 0 53 33 70 91 98 78 
49 32 8 53 0 29 47 70 29 32 
65 41 29 33 29 0 90 14 93 17 
74 75 90 70 47 90 0 80 63 49 
72 4 39 91 70 14 80 0 61 18 
57 14 93 98 29 93 63 61 0 19 
94 2 87 78 32 17 49 18 19 0 

9 3
1 7 6 
0 43 11 97 84 1 3 66 8 99 
43 0 92 56 58 66 34 39 43 2 
11 92 0 61 40 4 16 70 72 68 
97 56 61 0 37 70 12 68 82 55 
84 58 40 37 0 69 38 79 74 73 
1 66 4 70 69 0 15 84 56 64 
3 34 16 12 38 15 0 88 2 52 
66 39 70 68 79 84 88 0 56 76 
8 43 72 82 74 56 2 56 0 25 
99 2 68 55 73 64 52 76 25 0 

9 3
6 8 9 
0 0 65 60 21 43 35 34 69 69 
0 0 95 97 91 69 11 77 21 67 
65 95 0 37 53 3 70 77 10 61 
60 97 37 0 91 91 62 4 40 24 
21 91 53 91 0 85 27 55 38 18 
43 69 3 91 85 0 66 6 66 65 
35 11 70 62 27 66 0 46 61 99 
34 77 77 4 55 6 46 0 70 12 
69 21 10 40 38 66 61 70 0 87 
69 67 61 24 18 65 99 12 87 0 

9 4
6 3 5 1 
0 31 91 6 30 80 24 18 2 55 
31 0 34 41 92 5 90 73 40 47 
91 34 0 81 24 88 73 90 65 80 
6 41 81 0 99 44 26 75 19 46 
30 92 24 99 0 29 51 20 8 37 
80 5 88 44 29 0 46 88 19 90 
24 90 73 26 51 46 0 99 38 0 
18 73 90 75 20 88 99 0 84 48 
2 40 65 19 8 19 38 84 0 94 
55 47 80 46 37 90 0 48 94 0 

9 8
3 9 8 4 5 1 2 6 
0 42 64 18 56 42 0 31 89 99 
42 0 0 41 12 70 10 86 64 2 
64 0 0 82 47 75 73 85 19 21 
18 41 82 0 10 85 48 25 34 21 
56 12 47 10 0 76 79 22 12 51 
42 70 75 85 76 0 77 63 98 92 
0 10 73 48 79 77 0 5 15 70 
31 86 85 25 22 63 5 0 10 51 
89 64 19 34 12 98 15 10 0 49 
99 2 21 21 51 92 70 51 49 0 

9 9
7 3 5 9 6 2 4 1 8 
0 39 93 2 41 79 32 91 16 52 
39 0 46 25 69 44 22 44 49 69 
93 46 0 12 78 72 69 94 18 68 
2 25 12 0 33 76 32 88 99 58 
41 69 78 33 0 35 52 63 39 31 
79 44 72 76 35 0 13 66 98 20 
32 22 69 32 52 13 0 12 11 17 
91 44 94 88 63 66 12 0 21 96 
16 49 18 99 39 98 11 21 0 32 
52 69 68 58 31 20 17 96 32 0 

9 8
6 7 5 8 1 9 4 2 
0 71 52 79 49 24 72 73 96 59 
71 0 97 77 43 8 6 77 40 70 
52 97 0 72 72 33 92 70 22 77 
79 77 72 0 83 72 85 31 55 5 
49 43 72 83 0 33 25 52 30 42 
24 8 33 72 33 0 20 97 42 90 
72 6 92 85 25 20 0 88 0 55 
73 77 70 31 52 97 88 0 70 16 
96 40 22 55 30 42 0 70 0 22 
59 70 77 5 42 90 55 16 22 0 

