20

12 6
1 2 11 9 6 10 
0 29 38 63 39 64 72 7 57 29 60 94 52 
29 0 5 13 61 9 70 46 49 98 22 66 6 
38 5 0 35 62 72 11 28 85 71 99 83 45 
63 13 35 0 94 47 68 80 14 36 76 12 80 
39 61 62 94 0 98 35 97 26 72 42 25 61 
64 9 72 47 98 0 11 10 7 13 80 31 53 
72 70 11 68 35 11 0 30 5 68 99 44 27 
7 46 28 80 97 10 30 0 88 11 21 71 34 
57 49 85 14 26 7 5 88 0 67 95 69 86 
29 98 71 36 72 13 68 11 67 0 79 73 31 
60 22 99 76 42 80 99 21 95 79 0 1 5 
94 66 83 12 25 31 44 71 69 73 1 0 59 
52 6 45 80 61 53 27 34 86 31 5 59 0 

12 8
4 9 3 7 1 5 6 10 
0 80 20 27 29 76 14 46 39 47 92 22 87 
80 0 65 8 79 54 24 1 43 80 88 17 92 
20 65 0 12 13 96 94 19 57 38 50 87 39 
27 8 12 0 34 44 36 64 95 35 30 32 39 
29 79 13 34 0 31 58 73 0 34 55 73 30 
76 54 96 44 31 0 56 29 50 80 37 93 3 
14 24 94 36 58 56 0 19 9 13 81 53 89 
46 1 19 64 73 29 19 0 24 51 84 77 73 
39 43 57 95 0 50 9 24 0 12 86 86 15 
47 80 38 35 34 80 13 51 12 0 32 93 40 
92 88 50 30 55 37 81 84 86 32 0 28 54 
22 17 87 32 73 93 53 77 86 93 28 0 87 
87 92 39 39 30 3 89 73 15 40 54 87 0 

12 9
9 10 8 7 12 1 5 4 2 
0 8 93 0 22 49 28 73 33 32 98 3 76 
8 0 78 44 67 34 68 77 78 73 93 91 53 
93 78 0 22 34 47 20 92 28 56 3 62 13 
0 44 22 0 62 65 55 72 85 37 23 15 45 
22 67 34 62 0 10 0 82 94 94 60 87 57 
49 34 47 65 10 0 91 42 32 78 99 33 45 
28 68 20 55 0 91 0 14 66 4 79 28 70 
73 77 92 72 82 42 14 0 61 34 67 75 69 
33 78 28 85 94 32 66 61 0 36 23 77 16 
32 73 56 37 94 78 4 34 36 0 27 17 3 
98 93 3 23 60 99 79 67 23 27 0 30 93 
3 91 62 15 87 33 28 75 77 17 30 0 26 
76 53 13 45 57 45 70 69 16 3 93 26 0 

12 7
6 3 9 8 1 10 7 
0 88 48 54 35 69 75 49 86 65 50 38 70 
88 0 62 76 52 98 71 46 92 55 17 10 6 
48 62 0 27 54 82 33 37 74 54 17 21 90 
54 76 27 0 98 89 39 30 28 59 48 68 66 
35 52 54 98 0 57 74 39 91 58 58 11 96 
69 98 82 89 57 0 33 23 18 47 14 68 59 
75 71 33 39 74 33 0 16 46 78 79 53 38 
49 46 37 30 39 23 16 0 10 5 56 21 12 
86 92 74 28 91 18 46 10 0 84 34 71 74 
65 55 54 59 58 47 78 5 84 0 20 47 29 
50 17 17 48 58 14 79 56 34 20 0 70 1 
38 10 21 68 11 68 53 21 71 47 70 0 38 
70 6 90 66 96 59 38 12 74 29 1 38 0 

12 11
2 9 1 6 10 3 12 11 8 5 4 
0 49 87 82 30 44 85 24 64 78 0 46 40 
49 0 28 85 64 25 40 16 38 24 53 14 95 
87 28 0 81 74 69 54 12 68 39 58 41 65 
82 85 81 0 92 73 96 14 87 16 42 33 86 
30 64 74 92 0 89 17 20 93 74 95 15 37 
44 25 69 73 89 0 62 70 0 13 78 92 94 
85 40 54 96 17 62 0 30 74 46 11 9 53 
24 16 12 14 20 70 30 0 99 20 14 43 67 
64 38 68 87 93 0 74 99 0 67 37 35 6 
78 24 39 16 74 13 46 20 67 0 91 80 50 
0 53 58 42 95 78 11 14 37 91 0 40 93 
46 14 41 33 15 92 9 43 35 80 40 0 11 
40 95 65 86 37 94 53 67 6 50 93 11 0 

12 8
12 11 5 7 8 3 2 4 
0 94 92 30 58 84 31 18 66 73 72 20 4 
94 0 0 83 28 76 95 91 73 1 69 88 96 
92 0 0 67 45 0 82 4 93 53 71 56 29 
30 83 67 0 65 53 9 27 68 69 71 64 91 
58 28 45 65 0 44 15 52 94 95 63 55 3 
84 76 0 53 44 0 57 98 40 39 63 18 96 
31 95 82 9 15 57 0 86 75 42 64 15 36 
18 91 4 27 52 98 86 0 94 31 74 49 21 
66 73 93 68 94 40 75 94 0 3 29 28 33 
73 1 53 69 95 39 42 31 3 0 83 90 27 
72 69 71 71 63 63 64 74 29 83 0 84 79 
20 88 56 64 55 18 15 49 28 90 84 0 23 
4 96 29 91 3 96 36 21 33 27 79 23 0 

12 4
1 5 2 7 
0 54 98 71 59 40 32 31 88 95 12 31 12 
54 0 51 96 89 51 26 1 73 99 28 14 65 
98 51 0 97 74 25 36 81 11 54 44 78 64 
71 96 97 0 53 13 14 5 95 70 79 19 93 
59 89 74 53 0 30 76 57 41 41 6 63 1 
40 51 25 13 30 0 30 79 89 82 73 53 22 
32 26 36 14 76 30 0 74 46 35 84 58 24 
31 1 81 5 57 79 74 0 94 93 40 93 39 
88 73 11 95 41 89 46 94 0 33 9 63 30 
95 99 54 70 41 82 35 93 33 0 23 34 52 
12 28 44 79 6 73 84 40 9 23 0 6 10 
31 14 78 19 63 53 58 93 63 34 6 0 13 
12 65 64 93 1 22 24 39 30 52 10 13 0 

12 8
5 9 8 3 11 7 2 12 
0 63 45 1 95 67 32 46 42 52 54 38 38 
63 0 24 88 55 53 79 49 96 60 48 13 1 
45 24 0 51 46 71 94 30 16 78 57 61 10 
1 88 51 0 48 12 20 48 18 85 25 86 80 
95 55 46 48 0 6 44 50 83 80 77 46 76 
67 53 71 12 6 0 76 37 5 35 2 19 49 
32 79 94 20 44 76 0 57 58 50 7 71 45 
46 49 30 48 50 37 57 0 73 98 9 84 30 
42 96 16 18 83 5 58 73 0 43 98 29 44 
52 60 78 85 80 35 50 98 43 0 91 10 19 
54 48 57 25 77 2 7 9 98 91 0 19 15 
38 13 61 86 46 19 71 84 29 10 19 0 23 
38 1 10 80 76 49 45 30 44 19 15 23 0 

12 2
7 1 
0 5 34 49 75 86 54 33 4 96 81 34 11 
5 0 41 82 72 88 41 25 69 12 40 86 6 
34 41 0 81 65 98 97 99 74 7 8 46 62 
49 82 81 0 7 52 32 92 22 33 64 62 65 
75 72 65 7 0 54 64 6 55 81 39 64 63 
86 88 98 52 54 0 66 39 19 77 52 47 43 
54 41 97 32 64 66 0 62 13 59 48 12 42 
33 25 99 92 6 39 62 0 36 36 51 71 46 
4 69 74 22 55 19 13 36 0 9 49 75 28 
96 12 7 33 81 77 59 36 9 0 57 44 98 
81 40 8 64 39 52 48 51 49 57 0 55 57 
34 86 46 62 64 47 12 71 75 44 55 0 93 
11 6 62 65 63 43 42 46 28 98 57 93 0 

12 2
9 8 
0 98 11 37 31 29 70 47 45 45 94 1 88 
98 0 51 21 25 23 73 72 52 61 23 62 4 
11 51 0 71 23 7 90 63 2 64 59 24 61 
37 21 71 0 14 56 61 55 88 57 54 45 39 
31 25 23 14 0 34 98 72 4 26 43 67 57 
29 23 7 56 34 0 73 37 48 90 42 82 41 
70 73 90 61 98 73 0 16 42 2 4 93 43 
47 72 63 55 72 37 16 0 75 46 58 49 52 
45 52 2 88 4 48 42 75 0 53 49 98 56 
45 61 64 57 26 90 2 46 53 0 63 33 39 
94 23 59 54 43 42 4 58 49 63 0 46 83 
1 62 24 45 67 82 93 49 98 33 46 0 76 
88 4 61 39 57 41 43 52 56 39 83 76 0 

12 3
1 4 6 
0 95 61 85 25 67 99 72 4 84 73 50 61 
95 0 28 34 55 74 32 45 25 17 22 2 83 
61 28 0 33 94 70 1 53 82 42 58 44 37 
85 34 33 0 67 1 77 18 66 66 13 46 17 
25 55 94 67 0 89 92 47 68 80 1 69 91 
67 74 70 1 89 0 66 66 12 11 5 32 0 
99 32 1 77 92 66 0 43 21 3 93 20 15 
72 45 53 18 47 66 43 0 26 79 58 20 59 
4 25 82 66 68 12 21 26 0 36 15 76 3 
84 17 42 66 80 11 3 79 36 0 13 25 16 
73 22 58 13 1 5 93 58 15 13 0 33 60 
50 2 44 46 69 32 20 20 76 25 33 0 13 
61 83 37 17 91 0 15 59 3 16 60 13 0 

12 8
5 6 3 10 1 8 2 9 
0 8 28 84 96 11 43 62 68 54 74 96 14 
8 0 2 15 53 34 4 26 8 66 67 40 70 
28 2 0 83 86 29 87 70 37 68 48 66 12 
84 15 83 0 71 40 86 76 21 91 12 59 59 
96 53 86 71 0 5 19 79 2 8 62 43 70 
11 34 29 40 5 0 10 69 17 85 89 65 96 
43 4 87 86 19 10 0 92 12 62 46 35 23 
62 26 70 76 79 69 92 0 72 42 65 56 96 
68 8 37 21 2 17 12 72 0 5 42 74 36 
54 66 68 91 8 85 62 42 5 0 90 36 79 
74 67 48 12 62 89 46 65 42 90 0 6 68 
96 40 66 59 43 65 35 56 74 36 6 0 45 
14 70 12 59 70 96 23 96 36 79 68 45 0 

12 10
8 1 2 10 5 6 9 4 11 3 
0 7 62 85 22 42 29 7 62 61 65 66 33 
7 0 1 58 32 49 9 22 10 63 87 16 94 
62 1 0 23 89 58 94 24 52 27 47 37 13 
85 58 23 0 44 56 18 64 75 25 46 50 30 
22 32 89 44 0 12 73 83 86 19 23 78 4 
42 49 58 56 12 0 28 24 21 57 39 60 24 
29 9 94 18 73 28 0 34 74 22 73 63 83 
7 22 24 64 83 24 34 0 76 70 62 78 29 
62 10 52 75 86 21 74 76 0 76 17 66 15 
61 63 27 25 19 57 22 70 76 0 77 64 31 
65 87 47 46 23 39 73 62 17 77 0 6 93 
66 16 37 50 78 60 63 78 66 64 6 0 76 
33 94 13 30 4 24 83 29 15 31 93 76 0 

12 10
8 9 12 11 4 2 5 3 6 1 
0 27 45 99 28 48 27 86 42 79 84 51 30 
27 0 15 91 69 1 66 57 15 29 33 98 85 
45 15 0 9 76 6 7 38 93 74 22 94 89 
99 91 9 0 28 30 32 8 41 42 45 40 67 
28 69 76 28 0 32 38 56 28 64 84 26 90 
48 1 6 30 32 0 16 53 87 28 22 92 29 
27 66 7 32 38 16 0 65 78 5 24 84 68 
86 57 38 8 56 53 65 0 15 90 41 90 79 
42 15 93 41 28 87 78 15 0 64 56 35 73 
79 29 74 42 64 28 5 90 64 0 93 44 38 
84 33 22 45 84 22 24 41 56 93 0 65 13 
51 98 94 40 26 92 84 90 35 44 65 0 18 
30 85 89 67 90 29 68 79 73 38 13 18 0 

12 7
5 8 9 3 4 1 7 
0 25 21 9 6 42 63 98 31 50 95 88 62 
25 0 8 77 22 16 50 7 64 40 81 50 55 
21 8 0 68 89 71 44 94 67 54 77 66 27 
9 77 68 0 9 77 87 88 51 53 51 39 9 
6 22 89 9 0 51 77 15 78 36 87 55 75 
42 16 71 77 51 0 23 52 55 41 88 48 90 
63 50 44 87 77 23 0 91 15 30 86 88 57 
98 7 94 88 15 52 91 0 68 40 23 20 47 
31 64 67 51 78 55 15 68 0 22 54 12 61 
50 40 54 53 36 41 30 40 22 0 28 17 7 
95 81 77 51 87 88 86 23 54 28 0 60 39 
88 50 66 39 55 48 88 20 12 17 60 0 39 
62 55 27 9 75 90 57 47 61 7 39 39 0 

12 7
9 3 8 12 11 10 4 
0 13 59 29 78 86 66 21 54 54 81 56 6 
13 0 80 54 10 6 59 92 13 49 60 7 81 
59 80 0 91 40 96 22 33 96 2 60 82 66 
29 54 91 0 48 52 14 32 94 49 99 41 23 
78 10 40 48 0 2 11 93 64 22 53 39 10 
86 6 96 52 2 0 18 43 90 33 55 17 31 
66 59 22 14 11 18 0 40 46 65 87 2 24 
21 92 33 32 93 43 40 0 18 69 20 22 5 
54 13 96 94 64 90 46 18 0 92 79 5 46 
54 49 2 49 22 33 65 69 92 0 90 33 71 
81 60 60 99 53 55 87 20 79 90 0 60 24 
56 7 82 41 39 17 2 22 5 33 60 0 91 
6 81 66 23 10 31 24 5 46 71 24 91 0 

12 9
4 11 10 7 12 9 8 1 3 
0 43 90 1 24 28 30 23 38 53 20 87 78 
43 0 8 67 27 20 43 80 26 99 10 94 64 
90 8 0 11 10 79 82 46 58 46 46 76 22 
1 67 11 0 89 14 16 96 85 5 80 64 28 
24 27 10 89 0 10 28 37 43 6 36 83 66 
28 20 79 14 10 0 90 77 76 30 9 10 93 
30 43 82 16 28 90 0 49 28 8 50 21 8 
23 80 46 96 37 77 49 0 55 38 51 34 52 
38 26 58 85 43 76 28 55 0 22 46 82 1 
53 99 46 5 6 30 8 38 22 0 41 57 17 
20 10 46 80 36 9 50 51 46 41 0 55 57 
87 94 76 64 83 10 21 34 82 57 55 0 38 
78 64 22 28 66 93 8 52 1 17 57 38 0 

12 5
1 6 7 11 5 
0 18 13 27 26 57 63 60 13 27 49 60 44 
18 0 68 5 0 0 81 6 46 0 93 95 11 
13 68 0 39 75 12 74 87 59 47 15 69 12 
27 5 39 0 30 90 58 57 70 2 81 32 58 
26 0 75 30 0 33 74 58 70 16 83 55 31 
57 0 12 90 33 0 69 2 66 14 29 72 89 
63 81 74 58 74 69 0 49 41 1 95 10 25 
60 6 87 57 58 2 49 0 92 66 26 86 34 
13 46 59 70 70 66 41 92 0 85 45 89 48 
27 0 47 2 16 14 1 66 85 0 66 64 93 
49 93 15 81 83 29 95 26 45 66 0 10 86 
60 95 69 32 55 72 10 86 89 64 10 0 60 
44 11 12 58 31 89 25 34 48 93 86 60 0 

12 9
8 11 12 4 7 2 10 5 3 
0 82 37 27 66 20 75 74 62 18 69 25 64 
82 0 3 31 36 68 25 98 6 21 12 52 49 
37 3 0 89 56 84 64 46 26 24 67 61 25 
27 31 89 0 92 8 99 82 64 7 10 92 62 
66 36 56 92 0 13 5 63 93 94 77 82 74 
20 68 84 8 13 0 13 17 36 57 81 38 64 
75 25 64 99 5 13 0 92 17 60 8 64 34 
74 98 46 82 63 17 92 0 40 20 77 69 24 
62 6 26 64 93 36 17 40 0 13 61 4 20 
18 21 24 7 94 57 60 20 13 0 44 65 5 
69 12 67 10 77 81 8 77 61 44 0 55 1 
25 52 61 92 82 38 64 69 4 65 55 0 25 
64 49 25 62 74 64 34 24 20 5 1 25 0 

12 3
2 6 1 
0 55 52 24 63 92 24 14 98 27 84 20 98 
55 0 88 20 54 24 25 11 54 69 45 24 3 
52 88 0 50 37 98 79 97 10 60 83 24 94 
24 20 50 0 86 81 93 88 82 53 79 29 60 
63 54 37 86 0 77 5 12 1 10 57 46 14 
92 24 98 81 77 0 91 57 12 77 37 50 55 
24 25 79 93 5 91 0 24 66 73 78 64 51 
14 11 97 88 12 57 24 0 99 47 54 45 11 
98 54 10 82 1 12 66 99 0 23 36 11 48 
27 69 60 53 10 77 73 47 23 0 0 10 82 
84 45 83 79 57 37 78 54 36 0 0 62 4 
20 24 24 29 46 50 64 45 11 10 62 0 43 
98 3 94 60 14 55 51 11 48 82 4 43 0 

